100 4.0804 0.00098324 1718 
200 8.2816 0.00074863 1718 
300 12.7868 0.00055265 1718 
400 16.7088 0.00038171 1718 
500 20.8054 0.00028014 1718 
600 24.0333 0.00028849 1245 
700 27.0934 0.00024068 1245 
800 30.1216 0.00020540 1245 
900 32.9965 0.00018013 1245 
1000 35.8506 0.00016034 1245 
1100 38.2398 0.00014579 1193 
1200 40.5623 0.00013256 1193 
1300 42.8606 0.00012076 1193 
1400 45.1156 0.00011009 1193 
1500 47.3898 0.00010103 1193 
1600 49.5068 0.00009644 1190 
1700 51.7316 0.00009209 1190 
1800 53.8511 0.00008804 1190 
1900 56.0614 0.00008434 1190 
2000 58.1352 0.00008082 1190 
2100 60.4644 0.00007868 1187 
2200 62.7691 0.00007635 1187 
2300 65.0164 0.00007415 1187 
2400 67.2857 0.00007224 1187 
2500 69.5139 0.00007039 1187 
2600 71.5371 0.00006938 1185 
2700 73.9324 0.00006825 1185 
2800 76.0731 0.00006706 1185 
2900 78.3617 0.00006592 1185 
3000 80.5068 0.00006485 1185 
3100 82.8568 0.00006413 1185 
3200 85.1916 0.00006336 1185 
3300 87.5179 0.00006258 1185 
3400 89.8308 0.00006175 1185 
3500 92.1388 0.00006092 1185 
3600 94.2511 0.00006050 1184 
3700 96.5178 0.00006002 1184 
3800 98.6145 0.00005949 1184 
3900 100.8615 0.00005901 1184 
4000 102.9540 0.00005853 1184 
4100 105.2524 0.00005817 1184 
4200 107.5370 0.00005782 1184 
4300 109.8227 0.00005746 1184 
4400 112.1088 0.00005704 1184 
4500 114.3839 0.00005668 1184 
4600 116.4671 0.00005645 1184 
4700 118.6913 0.00005621 1184 
4800 120.6183 0.00005591 1184 
4900 122.6666 0.00005567 1184 
5000 124.6024 0.00005543 1184 
5100 126.7426 0.00005519 1184 
5200 128.8357 0.00005502 1184 
5300 130.9220 0.00005484 1184 
5400 133.0399 0.00005466 1184 
5500 135.1205 0.00005448 1184 
5600 137.0512 0.00005430 1184 
5700 139.0814 0.00005418 1184 
5800 140.9952 0.00005400 1184 
5900 143.0262 0.00005388 1184 
6000 144.9363 0.00005376 1184 
6100 147.0407 0.00005364 1184 
6200 149.1420 0.00005352 1184 
6300 151.2233 0.00005341 1184 
6400 153.2917 0.00005329 1184 
6500 155.3726 0.00005317 1184 
6600 157.2771 0.00005311 1184 
6700 159.3207 0.00005299 1184 
6800 161.2151 0.00005293 1184 
6900 163.2327 0.00005281 1184 
7000 165.1231 0.00005275 1184 
7100 167.2052 0.00005269 1184 
7200 169.2574 0.00005263 1184 
7300 171.3135 0.00005257 1184 
7400 173.3671 0.00005245 1184 
7500 175.4310 0.00005239 1184 
7600 177.3195 0.00005233 1184 
7700 179.3299 0.00005227 1184 
7800 181.2132 0.00005227 1184 
7900 183.2526 0.00005221 1184 
8000 185.1413 0.00005215 1184 
8100 187.2039 0.00005209 1184 
8200 189.2512 0.00005203 1184 
8300 191.3355 0.00005203 1184 
8400 193.4168 0.00005198 1184 
8500 195.4609 0.00005192 1184 
8600 197.3458 0.00005192 1184 
8700 199.3749 0.00005186 1184 
8800 201.2598 0.00005186 1184 
8900 203.2581 0.00005180 1184 
9000 205.1724 0.00005180 1184 
9100 207.2279 0.00005174 1184 
9200 209.3035 0.00005174 1184 
9300 211.3476 0.00005168 1184 
9400 213.4288 0.00005168 1184 
9500 215.4644 0.00005162 1184 
9600 217.3752 0.00005162 1184 
9700 219.3742 0.00005162 1184 
9800 221.2590 0.00005156 1184 
9900 223.2853 0.00005156 1184 
10000 225.1804 0.00005156 1184 
