11.69	9.59	-3.76	0.72	3.89	3.43	-2.72	5.07	-2.57	2.37
-0.10	11.15	19.76	0.20	4.13	-0.42	3.08	1.34	2.53	5.26
1.38	9.82	21.24	0.04	3.49	-0.23	5.08	5.71	0.99	12.40
-5.58	2.72	49.42	0.09	5.51	0.26	0.12	6.28	0.64	11.86
0.19	8.93	54.72	0.22	2.12	-0.13	0.55	1.16	4.55	12.31
1.18	15.79	72.00	0.06	6.72	-6.00	12.89	8.87	-6.28	9.32
12.93	4.20	80.67	0.02	12.95	-3.85	-0.34	8.38	0.36	5.06
-4.44	6.18	104.35	0.05	5.44	0.74	-3.82	7.97	-4.77	12.64
13.90	17.14	2.16	0.23	3.37	2.36	2.10	3.48	2.54	1.37
-3.67	7.74	9.73	0.03	8.76	-1.37	-0.67	16.07	-0.69	11.45
6.10	13.21	32.66	0.22	2.72	-0.06	2.07	1.22	-0.47	5.05
8.90	11.79	36.50	0.14	3.31	1.15	-2.10	1.12	-0.31	1.85
2.01	13.96	72.15	0.48	2.70	-0.35	4.24	1.17	-0.63	4.33
10.27	12.16	78.24	0.42	2.87	-0.55	2.65	1.00	-0.57	2.00
1.28	17.38	93.72	0.24	2.09	0.47	-2.26	1.88	-6.63	5.13
-2.42	25.47	104.10	0.03	6.50	2.31	2.12	8.71	-2.93	16.42
15.81	10.94	133.68	0.34	2.11	-2.07	6.58	2.61	-7.05	4.08
-1.94	12.98	64.63	0.12	3.49	-0.04	0.66	4.53	-0.64	7.79
6.37	28.45	85.71	0.06	3.94	2.78	-3.61	7.71	-6.01	6.91
8.95	33.79	82.63	0.26	2.44	0.91	-3.36	1.75	-4.89	3.50
3.95	34.34	110.99	0.47	3.06	-2.87	1.25	1.74	-0.53	1.15
13.54	22.73	135.43	0.04	8.86	2.30	1.67	13.10	8.36	10.53
13.31	43.86	-1.22	0.10	3.94	0.55	-0.45	5.91	4.02	7.87
-3.15	47.92	24.05	0.02	4.89	-2.16	-0.39	10.43	4.23	12.54
8.43	37.03	48.41	0.01	12.66	3.66	-0.37	11.25	-0.81	11.90
3.50	35.72	70.99	0.01	11.51	0.05	-5.51	14.72	7.97	10.85
10.02	38.36	109.90	0.03	3.90	5.78	-5.18	5.55	-9.41	5.44
3.34	45.19	124.71	0.26	2.28	1.38	-3.58	1.69	-3.00	2.97
1.95	43.13	126.89	0.04	9.85	2.73	-0.28	8.49	1.27	11.91
1.57	59.76	-0.86	0.02	5.10	-10.87	0.85	15.18	14.03	10.45
2.34	51.79	27.05	0.02	10.38	6.93	0.96	10.59	-2.23	10.18
-0.03	49.27	28.40	0.36	3.47	-0.62	1.21	1.86	2.33	1.87
2.83	58.63	54.17	0.01	9.44	9.99	4.30	9.77	4.05	13.64
12.09	53.96	75.75	0.26	2.75	-4.23	-0.86	4.94	0.85	1.12
12.10	45.18	107.82	0.19	2.32	-3.12	0.65	5.94	-2.02	1.35
4.37	55.95	110.29	0.29	1.98	-0.64	2.79	2.12	-4.13	6.31
6.34	56.58	126.25	0.03	4.08	-4.98	0.83	14.00	5.82	12.93
-0.82	71.95	5.10	0.23	4.61	1.29	4.50	2.22	4.79	3.10
0.03	58.03	32.90	0.12	2.37	0.72	6.02	3.00	15.61	6.50
-0.55	55.71	32.04	0.07	3.40	0.48	0.24	8.12	6.09	5.54
2.43	71.44	40.28	0.06	6.05	3.75	0.87	7.45	-0.01	6.42
2.78	75.15	60.98	0.04	12.87	-3.77	2.99	5.96	-0.76	5.89
-5.33	59.51	78.02	0.47	5.24	-1.05	-1.19	1.25	0.83	2.67
-6.40	60.59	84.24	0.11	5.81	-0.10	-0.30	7.79	1.71	8.79
0.05	67.20	98.01	0.23	2.20	0.62	3.17	3.04	6.37	10.46
0.21	66.28	104.11	0.14	3.45	-0.18	2.70	8.75	0.72	9.81
2.86	72.55	125.97	0.18	2.43	1.06	-2.78	2.41	-2.22	4.81
11.23	79.62	6.51	0.30	4.19	0.62	-2.10	1.20	-0.23	1.92
-1.09	70.92	13.57	0.03	6.93	6.23	-3.17	10.07	-0.41	19.06
0.63	71.74	38.25	0.37	2.67	1.48	2.73	2.86	4.22	2.55
12.76	81.53	42.18	0.02	2.12	6.05	-1.31	8.09	0.61	7.38
2.91	74.81	61.42	0.33	3.83	-2.59	5.65	1.42	-1.72	1.86
2.60	72.44	111.23	0.17	2.12	2.90	1.00	3.43	1.42	7.68
3.35	69.96	115.14	0.23	1.86	0.50	3.72	2.44	6.99	11.74
-0.49	69.90	120.14	0.23	4.38	0.06	3.24	0.80	2.12	6.52
4.74	75.86	132.35	0.24	2.24	0.16	0.94	1.23	4.40	7.01
0.59	96.30	0.31	0.03	12.87	-0.21	-0.25	12.04	0.32	10.97
2.33	100.50	7.65	0.04	3.43	0.07	2.92	5.11	-1.80	8.01
7.70	80.28	43.34	0.19	3.05	0.50	1.98	1.38	1.69	3.49
8.86	83.40	41.73	0.06	3.27	0.10	0.04	5.16	-1.01	5.80
10.93	89.10	56.21	0.20	2.47	0.02	1.38	1.05	3.27	5.61
6.00	85.42	72.70	0.01	9.71	-10.41	-0.48	9.28	-2.81	9.03
-4.26	97.71	77.46	0.09	2.57	0.38	-0.82	6.57	-5.08	9.25
10.72	94.72	88.83	0.28	2.41	0.20	-0.93	1.29	-2.89	4.14
9.23	86.88	100.40	0.26	2.14	0.32	-0.58	1.92	-1.86	2.79
6.26	76.22	127.67	0.11	4.26	2.23	6.13	8.73	6.36	11.32
13.48	85.02	137.97	0.24	1.63	0.14	3.00	1.36	3.55	9.49
0.20	100.95	4.80	0.19	4.42	-0.04	3.90	1.13	0.37	6.09
9.92	105.76	14.89	0.18	3.74	2.58	1.91	3.05	1.89	1.60
10.60	116.70	31.31	0.03	3.97	0.85	0.55	9.75	4.04	10.50
-1.52	101.42	40.79	0.01	6.24	0.31	0.47	16.04	2.55	16.84
-0.27	99.63	71.87	0.17	1.49	-0.11	0.04	2.79	-2.73	1.70
13.90	102.85	74.63	0.02	13.81	2.46	5.06	4.29	0.24	7.58
9.08	100.97	85.21	0.06	1.92	-0.51	0.67	7.65	-8.14	6.82
8.16	87.23	102.06	0.04	2.46	1.09	-2.18	10.62	-5.26	13.32
0.50	104.99	136.36	0.34	1.58	-0.32	2.35	1.77	-5.38	5.06
15.06	110.46	13.96	0.21	3.46	0.26	-3.56	1.25	-0.05	1.58
5.14	116.48	44.86	0.21	3.14	-0.37	-1.87	1.23	0.84	2.92
1.39	121.48	50.27	0.13	1.42	1.17	-0.79	7.38	-4.79	2.32
9.70	104.44	82.12	0.33	2.47	-0.12	0.63	2.18	-3.17	1.74
-5.40	114.42	101.56	0.02	11.72	-2.20	-2.74	7.01	1.74	12.76
-5.24	109.07	135.67	0.04	7.31	-4.46	3.95	12.46	-1.98	13.04
-3.80	129.42	2.21	0.05	5.65	1.71	0.88	11.41	3.51	18.00
8.65	116.35	38.99	0.19	3.03	0.00	-1.26	1.06	-1.10	3.27
8.28	121.43	35.26	0.07	1.37	0.55	-1.32	5.75	-5.77	7.80
2.77	120.78	49.78	0.35	3.27	0.45	0.16	2.82	0.98	1.25
1.76	122.49	67.38	0.25	3.00	0.83	8.07	1.01	1.43	4.80
7.61	116.52	78.86	0.25	2.36	-1.03	1.18	4.08	-3.22	0.40
1.24	130.19	75.46	0.06	4.21	-3.01	1.56	12.05	-0.76	8.64
11.37	125.47	96.89	0.04	4.84	-5.55	0.49	10.71	-1.27	5.28
11.65	125.86	115.49	0.04	4.04	-7.26	-1.71	11.85	2.39	4.91
-1.37	134.14	11.23	0.13	3.04	-0.32	0.65	1.12	5.76	20.80
2.03	141.49	37.14	0.09	2.09	0.41	0.77	8.37	0.22	11.58
4.30	136.42	45.85	0.22	2.83	0.32	0.49	4.30	-7.24	3.69
6.00	132.11	48.46	0.07	3.70	4.27	-2.34	13.71	-5.31	9.08
2.22	128.76	76.77	0.28	2.46	-0.68	0.62	3.73	-3.58	1.63
3.35	138.35	95.14	0.03	3.51	2.05	-0.92	8.94	-5.00	5.25
4.36	134.10	96.53	0.29	2.30	-4.31	-2.36	5.26	2.75	1.20
8.97	132.25	115.70	0.30	1.19	1.45	-1.64	0.57	3.68	0.43
10.60	139.36	121.33	0.02	11.06	0.66	4.56	9.78	-1.39	16.32
11.95	9.36	-2.30	0.09	4.99	3.11	0.83	10.32	3.55	8.78
11.69	-4.88	65.13	0.14	3.41	-0.38	-0.64	4.39	0.67	9.45
15.05	1.97	78.04	0.37	2.77	1.10	3.77	1.73	3.36	2.82
13.72	-2.63	95.66	0.05	2.58	0.23	-7.20	4.91	-10.85	19.21
13.88	-4.83	102.51	0.15	2.52	0.98	1.83	6.83	5.95	10.60
17.18	4.76	111.97	0.32	1.83	0.58	0.70	3.18	5.34	2.27
22.39	3.21	131.49	0.52	1.81	1.64	-0.87	2.89	-1.29	1.38
22.25	3.48	134.03	0.60	2.48	-0.20	0.08	1.63	0.24	1.40
14.43	25.99	1.56	0.34	2.34	0.31	-0.08	3.34	-3.71	1.98
8.22	13.55	34.35	0.03	6.23	-3.56	0.08	10.26	-1.76	11.56
13.29	16.00	40.23	0.25	3.03	1.23	1.37	2.67	1.32	1.43
24.36	10.88	51.01	0.02	4.76	0.76	2.29	7.95	-7.16	8.04
22.59	10.79	82.62	0.03	6.42	-2.07	-2.71	8.56	-4.99	13.78
20.93	15.28	102.08	0.27	2.17	-2.44	0.99	2.86	-1.55	1.44
19.44	15.62	113.16	0.36	-0.00	2.89	0.01	2.53	3.13	0.35
20.97	3.96	130.65	0.14	2.87	1.76	0.33	9.84	4.06	9.95
18.78	29.30	0.81	0.18	3.36	0.29	-2.58	4.67	0.10	3.56
22.10	26.60	37.31	0.03	3.82	0.54	0.64	9.13	4.18	7.35
19.41	23.39	41.08	0.54	3.05	1.42	-0.75	2.34	0.03	1.29
24.40	30.91	46.32	0.04	4.66	6.22	1.59	11.06	2.66	7.00
26.28	25.06	66.52	0.19	2.35	0.13	-2.50	2.18	7.00	4.57
14.17	32.91	105.55	0.06	1.94	-0.34	-0.04	8.68	3.24	6.36
14.73	27.63	105.33	0.26	2.17	-0.36	-0.47	3.01	6.84	2.71
19.03	18.84	110.56	0.04	5.03	-3.17	1.43	9.73	1.07	9.90
20.94	21.84	133.52	0.35	2.15	-0.95	-2.59	1.97	3.09	2.34
15.60	38.66	18.62	0.02	6.88	-0.02	-0.30	13.71	2.69	12.32
24.24	33.89	46.20	0.19	2.63	0.78	2.63	1.72	6.21	5.16
18.32	44.20	75.39	0.07	3.76	-4.25	-2.53	9.28	4.26	4.96
17.11	45.32	76.47	0.40	2.27	-0.92	-0.08	2.04	-1.23	1.22
8.09	51.42	106.85	0.19	2.56	-3.03	-4.50	3.16	3.90	2.32
12.72	35.18	111.21	0.35	2.29	1.25	-0.92	1.80	-0.98	1.44
11.42	46.90	129.13	0.31	2.16	0.02	3.85	1.38	-3.42	7.96
10.97	49.93	5.70	0.29	3.36	0.09	0.63	1.35	2.29	2.58
10.19	50.11	31.30	0.34	4.00	3.20	9.27	1.72	2.20	3.58
19.09	49.83	33.79	0.05	4.71	6.37	4.45	2.97	0.74	4.02
15.56	60.79	76.84	0.04	6.44	-1.30	1.22	7.54	3.27	9.36
17.46	65.43	79.00	0.19	2.17	2.02	1.89	3.47	3.27	1.66
20.24	51.33	98.76	0.26	2.14	1.02	-1.75	3.67	-3.54	1.90
14.31	50.03	102.88	0.03	11.28	0.60	-3.05	10.51	0.07	9.25
23.07	73.88	52.14	0.04	8.56	-3.82	3.23	5.08	-0.21	4.55
18.59	67.00	73.73	0.03	2.77	-1.46	-1.17	3.34	-8.43	8.60
11.59	61.67	77.20	0.43	4.52	4.08	2.41	1.89	1.24	1.05
20.40	77.10	0.27	0.60	3.19	0.43	-1.73	1.62	1.16	2.20
13.23	78.01	48.48	0.19	3.04	-0.62	3.98	1.19	-2.21	3.16
24.48	72.86	52.30	0.43	1.22	-5.11	-0.10	1.14	-1.12	0.17
17.33	74.42	63.99	0.35	3.58	3.63	2.71	1.88	1.12	1.25
24.18	75.16	84.42	0.05	2.23	0.77	3.17	5.26	8.98	6.00
12.90	83.10	138.93	0.11	4.93	-1.71	3.32	5.20	4.48	5.76
17.77	80.40	8.35	0.01	2.38	-0.18	-1.68	10.52	7.22	17.12
26.47	93.33	39.63	0.37	3.77	0.64	5.61	1.08	1.06	3.34
10.08	84.98	39.53	0.29	2.82	1.41	-2.18	2.22	-3.00	2.37
16.23	94.49	45.46	0.02	5.19	-1.88	-0.03	10.29	4.43	13.92
14.67	93.37	63.78	0.21	2.66	0.32	1.02	1.50	1.66	2.22
13.08	99.38	82.32	0.05	3.91	-0.27	0.57	7.95	1.82	6.23
10.16	85.46	104.70	0.22	2.35	4.31	-4.72	7.91	-8.93	2.79
12.25	87.17	105.82	0.02	8.56	4.07	1.90	11.49	3.02	11.44
18.90	97.03	131.67	0.04	2.36	1.18	-0.77	10.00	-2.95	6.50
14.99	76.06	142.82	0.28	1.43	0.56	2.72	2.33	-0.09	8.26
18.40	107.74	9.87	0.24	3.16	-0.62	-2.78	1.99	2.06	2.05
19.46	94.04	31.32	0.33	2.64	-0.24	-1.10	1.04	-0.82	1.47
20.71	94.57	32.59	0.09	3.27	0.03	-2.76	2.75	-5.09	4.61
12.26	90.07	58.67	0.07	3.39	0.36	2.48	5.63	2.91	8.79
16.14	102.69	66.44	0.18	2.62	-0.22	0.11	3.11	-2.28	1.46
13.65	99.58	83.15	0.36	2.78	0.22	-2.07	0.85	-0.70	2.14
21.44	102.86	96.61	0.04	4.01	6.05	1.70	7.50	0.98	2.35
23.02	105.35	97.91	0.33	2.19	0.68	-1.65	1.80	-1.77	1.08
19.02	101.61	107.27	0.23	2.13	0.91	2.34	2.09	4.81	3.53
18.93	98.77	130.78	0.19	1.66	0.27	-1.84	2.53	-7.94	4.43
22.98	108.83	9.76	0.03	8.60	-3.86	-0.21	11.85	-4.55	9.35
26.62	104.31	6.15	0.32	3.80	0.69	-2.56	0.01	0.33	1.47
23.10	107.11	28.18	0.20	3.00	0.68	-0.92	7.41	-2.88	1.11
11.69	117.13	45.97	0.02	8.16	11.78	-0.44	10.21	-1.08	7.23
15.74	111.99	61.87	0.07	2.74	-0.07	-0.13	7.46	-5.60	5.42
15.32	116.62	58.96	0.34	2.55	-0.21	0.71	1.62	-3.53	2.42
21.39	110.71	96.46	0.07	2.35	-0.74	0.18	8.84	-0.77	6.95
20.30	106.63	97.87	0.23	1.98	-0.01	-1.56	3.57	-6.85	2.60
17.69	101.19	108.36	0.04	2.61	0.01	1.30	6.17	5.69	9.98
18.79	114.87	121.01	0.23	1.87	-0.65	1.97	2.02	-4.89	3.53
18.89	104.48	128.41	0.02	3.06	3.00	-3.80	5.67	0.87	10.55
19.96	135.01	17.81	0.06	5.68	0.63	-0.71	6.45	0.06	7.07
10.26	119.73	34.95	0.16	3.06	0.25	-0.35	2.17	-3.19	2.64
22.61	121.27	55.92	0.51	4.28	-0.65	-1.86	1.06	-0.11	1.02
19.17	125.39	75.33	0.29	3.27	1.52	4.16	1.42	1.10	1.93
21.83	120.74	92.60	0.29	2.04	0.07	-1.02	1.29	-1.97	2.53
16.52	121.32	96.60	0.33	0.00	-3.73	1.60	4.43	0.93	-0.17
13.61	125.19	116.02	0.19	2.07	-1.61	2.36	2.48	-3.14	1.16
23.13	124.49	126.25	0.03	5.05	3.35	-0.57	7.70	-1.15	8.92
21.75	133.57	134.71	0.29	1.59	-0.70	2.95	1.44	-9.57	9.26
18.27	148.00	-4.05	1.11	3.50	0.06	-1.06	7.99	5.04	16.45
26.69	141.00	24.11	1.80	3.36	0.53	1.52	2.71	0.48	2.52
11.96	131.71	30.04	0.27	2.92	0.94	-1.65	3.22	-6.57	2.52
14.17	136.67	30.35	0.07	3.98	1.77	-0.16	9.73	-2.03	4.02
18.83	124.93	70.95	0.02	8.54	1.96	-2.45	10.13	0.90	9.73
19.44	138.37	134.39	0.13	2.54	-1.25	-0.00	9.38	-2.82	5.22
20.22	131.01	140.17	0.41	1.56	-0.03	-2.74	0.99	0.45	8.52
30.80	0.62	2.10	0.02	8.16	6.81	-6.03	8.99	-3.50	10.57
29.46	-0.26	15.23	0.01	10.27	-1.82	-1.14	10.14	-3.47	13.31
36.12	2.31	28.64	0.19	3.03	0.46	5.85	0.80	4.07	10.93
16.15	-2.69	57.16	0.42	2.56	5.42	-1.14	5.43	-0.49	1.09
23.02	1.10	61.72	0.03	7.45	-7.95	-0.34	10.09	0.56	9.22
34.48	4.96	85.00	0.23	3.11	-2.97	0.47	1.85	-0.27	1.65
20.29	8.88	81.09	0.70	3.91	-1.54	2.89	1.23	-0.55	1.80
25.36	8.00	111.12	0.14	1.80	-0.25	-0.04	2.77	-2.54	7.98
21.58	3.23	122.42	0.36	1.92	0.37	-3.75	1.24	-4.12	8.98
34.03	15.21	29.22	0.02	6.09	-1.42	1.98	14.00	2.05	10.09
23.00	10.94	40.14	0.01	8.68	-2.01	5.24	14.26	-1.45	3.84
27.53	11.06	60.46	0.26	2.78	0.54	1.65	2.23	6.21	3.15
26.24	15.27	62.36	0.12	1.62	0.39	0.52	5.78	3.31	3.54
29.61	13.07	88.37	0.01	7.88	-2.41	0.58	9.74	10.40	7.57
19.88	8.70	108.89	0.02	6.44	-5.66	-3.29	9.37	-6.32	6.07
26.71	38.60	2.46	0.02	9.23	-2.19	-6.36	14.43	4.18	8.96
25.66	35.08	8.40	0.05	6.06	6.26	-6.48	3.29	-5.95	2.59
27.04	26.20	38.78	0.03	3.58	1.35	-7.56	4.20	-2.02	5.95
26.01	27.57	38.19	0.38	0.06	3.15	-3.81	0.17	-0.13	2.82
27.24	26.81	59.13	0.03	3.25	-1.18	0.66	15.80	-12.08	9.48
21.43	40.30	73.99	0.25	2.29	0.50	-1.41	1.65	3.88	2.67
22.79	37.18	85.75	0.02	8.11	-3.64	1.74	9.48	-0.26	10.91
29.60	37.06	98.27	0.07	2.96	-6.53	3.27	8.27	-2.98	2.09
35.61	26.48	102.27	0.02	5.00	-2.86	-4.22	12.37	1.67	10.27
32.02	32.49	116.54	0.35	2.40	3.18	4.88	3.88	5.69	1.87
35.71	41.03	136.84	0.05	2.66	-0.87	-0.12	7.83	-8.55	8.92
23.92	36.03	4.66	0.28	3.99	3.05	6.80	1.93	4.22	2.87
27.06	52.49	35.46	0.04	4.68	0.21	-1.00	8.07	2.77	8.78
34.52	50.82	49.37	0.05	3.81	1.80	5.88	6.23	0.12	8.53
27.11	39.02	49.68	0.57	2.79	-0.73	-1.02	1.20	-1.14	0.21
26.53	41.20	75.79	0.38	4.19	-4.90	1.22	2.01	-0.07	0.53
31.38	37.30	96.28	0.38	2.29	-1.58	0.53	3.02	-0.62	1.33
19.63	45.56	100.18	0.31	2.50	-1.77	-5.58	1.88	3.12	3.38
39.53	42.59	117.89	0.05	3.35	-0.97	-2.85	4.54	-1.20	6.12
21.44	55.65	6.17	0.52	3.70	1.76	-5.41	1.34	-1.55	2.22
26.24	65.25	5.74	0.06	6.08	-0.97	1.72	10.42	0.60	11.12
25.30	55.63	34.64	0.18	3.63	4.02	-3.71	3.05	-2.18	1.33
26.96	53.02	38.70	0.42	3.51	0.18	3.45	1.05	-0.89	3.83
29.79	43.37	52.09	0.21	2.93	2.47	0.66	3.90	0.83	1.20
26.89	46.05	73.83	0.01	3.28	1.56	5.92	12.94	10.89	10.07
29.64	54.40	85.98	0.01	11.02	-2.50	-2.38	7.40	-8.12	7.54
33.79	55.26	137.07	0.22	1.99	-0.69	-2.47	2.76	7.69	9.13
37.59	45.56	125.05	0.25	1.86	-0.31	-1.42	1.08	4.82	6.57
29.69	59.83	1.32	0.28	3.28	0.87	-1.96	1.84	-2.98	2.63
29.00	70.55	15.82	0.25	3.54	-0.47	2.93	1.32	-1.59	4.00
33.28	62.03	31.39	0.28	3.33	1.85	-4.43	1.99	-2.96	3.16
26.45	60.60	41.87	0.01	10.58	2.50	1.27	8.97	-1.78	9.98
36.03	71.37	52.57	0.37	3.78	0.76	2.43	1.09	0.11	1.17
27.24	62.73	78.76	0.41	4.15	-4.06	3.26	0.18	-0.28	1.55
27.99	71.17	95.79	0.04	3.67	-0.06	0.66	9.91	-1.88	6.31
25.45	65.72	132.12	0.01	11.28	-6.45	2.69	10.93	-1.49	11.00
30.79	57.60	138.31	0.09	3.76	2.45	-5.57	6.36	-6.70	5.72
19.45	74.19	-2.68	0.26	3.35	-0.13	4.05	1.13	-1.53	8.31
27.16	83.69	26.92	0.02	10.54	-0.57	-2.28	10.11	-0.94	10.83
34.81	87.43	44.37	0.09	2.91	0.32	1.21	2.18	-2.70	4.86
31.10	82.07	63.98	0.23	3.46	3.64	-3.71	2.16	-1.76	1.86
24.13	73.95	83.40	0.06	3.26	5.62	2.41	2.11	3.02	3.16
28.86	77.57	93.47	0.31	2.23	0.00	0.74	1.42	0.18	3.95
27.71	83.57	96.91	0.28	2.11	-0.30	0.02	2.82	-2.89	2.09
33.96	75.60	116.94	0.20	2.08	-1.06	-1.44	2.15	2.30	1.89
34.14	80.07	120.50	0.31	1.88	0.11	0.86	1.21	0.10	1.65
27.12	86.91	4.68	0.21	3.42	1.13	2.17	2.21	5.45	3.07
24.06	78.93	1.25	0.07	4.75	4.63	1.86	10.89	4.77	6.89
17.18	91.76	37.26	0.27	2.51	1.16	1.01	1.90	0.51	2.00
34.66	91.01	42.06	0.26	2.94	-0.86	0.84	2.74	-0.95	1.07
34.91	85.99	53.24	0.11	1.11	0.09	1.16	1.92	0.11	8.52
27.12	85.54	79.36	0.04	4.04	-0.07	-0.07	8.18	2.23	11.65
27.75	86.88	79.42	0.25	2.59	-0.45	-2.42	1.52	2.12	2.29
25.32	90.64	84.20	0.30	2.31	0.04	0.24	1.03	0.18	3.28
32.04	88.22	133.38	0.01	5.50	-2.91	-1.16	12.94	4.79	11.35
32.59	103.42	5.49	0.50	3.11	0.01	0.40	1.45	-1.02	2.12
35.30	102.88	4.74	0.07	4.72	3.20	4.44	3.25	2.69	10.31
34.18	108.31	57.82	0.02	8.62	3.40	2.92	8.62	-4.36	8.84
24.54	104.42	76.79	0.32	2.94	1.13	-6.31	1.24	-1.65	3.30
25.99	91.80	88.47	0.06	2.38	-0.32	1.75	2.81	-5.24	8.16
28.29	94.76	100.09	0.02	2.10	1.27	-1.52	11.19	-14.48	7.48
28.55	113.14	113.36	0.22	2.51	2.87	1.41	2.17	0.94	1.05
24.89	109.10	127.01	0.02	8.05	-4.79	6.97	5.48	-0.88	5.78
22.51	111.60	28.69	0.07	2.32	2.08	-0.28	12.22	-0.85	5.41
23.61	107.71	40.91	0.01	5.12	5.81	-2.20	12.98	8.02	11.04
25.43	120.64	56.94	0.06	9.08	4.12	1.87	3.49	0.11	2.84
37.31	106.55	72.56	0.03	8.75	-0.95	-0.24	4.28	-0.89	5.62
20.43	116.49	78.40	0.02	8.66	0.13	6.84	8.98	-5.52	9.36
35.71	110.81	111.03	0.02	10.93	1.82	1.82	3.92	1.72	13.12
34.33	117.22	111.79	0.30	2.40	1.49	-2.86	1.40	-1.73	2.00
28.59	111.77	125.66	0.31	3.03	4.55	-2.22	2.19	-0.94	1.19
36.96	122.76	138.20	0.05	3.69	3.19	-1.06	6.14	-0.20	7.92
38.08	126.66	17.79	0.03	3.81	0.27	-4.80	6.37	-1.53	13.23
27.44	122.47	28.11	0.34	1.16	3.31	-1.19	3.61	2.24	0.14
33.84	132.29	43.44	0.02	7.86	-3.11	-0.11	5.29	-1.22	9.69
32.42	121.92	57.44	0.45	3.20	1.04	3.57	0.98	0.79	1.46
37.87	121.68	65.68	0.04	4.56	1.82	-0.08	5.04	-2.30	8.76
27.73	126.40	78.07	0.45	0.00	-2.98	-0.43	0.16	-0.28	1.97
26.29	123.54	83.74	0.06	3.15	0.22	-1.64	4.90	-1.85	7.94
30.94	122.89	116.31	0.02	3.03	-0.14	2.14	14.77	-3.71	8.57
28.77	131.27	117.39	0.09	2.36	0.01	-3.10	2.09	-0.64	4.87
30.35	133.89	25.63	0.26	3.23	-0.41	1.63	2.96	-4.68	2.15
29.30	128.16	26.66	0.07	2.43	0.65	-0.32	12.73	-1.48	5.54
27.81	140.59	52.89	0.30	2.87	0.37	-1.17	3.57	3.20	3.98
34.96	130.47	43.09	0.22	3.15	-1.31	-5.26	1.08	3.04	3.86
36.07	136.70	63.32	0.05	8.61	-5.05	3.81	5.32	2.45	5.61
25.95	123.98	85.40	0.21	2.44	0.54	-2.54	0.97	-1.80	4.29
24.49	133.67	93.28	0.01	6.69	1.00	-1.77	8.54	-6.71	10.77
34.01	142.66	104.95	0.14	2.52	0.64	-2.26	7.01	0.48	7.82
29.36	132.44	115.67	0.22	2.01	-0.03	-3.09	0.77	-1.97	6.79
39.90	138.58	131.36	0.04	2.28	0.05	-1.10	11.36	2.18	9.38
39.86	8.71	4.85	0.28	3.47	-0.12	2.50	1.19	2.64	3.08
34.29	1.53	27.30	0.11	3.37	0.53	5.59	3.01	4.61	12.72
46.63	11.62	52.00	0.36	2.91	0.05	3.18	1.25	1.71	4.83
41.02	4.61	57.90	0.02	3.26	5.92	0.09	11.72	-4.69	13.37
40.00	2.07	78.63	0.30	2.37	-0.20	-1.76	1.07	2.40	5.43
41.27	2.63	89.69	0.47	2.71	-1.60	6.70	1.45	-2.89	4.31
43.11	4.87	121.04	0.11	2.02	-0.04	0.34	7.46	-7.29	12.05
43.54	3.93	123.74	0.47	1.74	-0.01	0.06	1.20	-1.37	3.38
40.65	-0.73	133.12	0.32	2.18	0.12	-3.08	1.18	-3.47	4.20
45.45	13.59	9.20	0.16	3.23	2.14	4.64	3.25	3.83	3.67
42.90	6.64	12.27	0.02	4.76	-1.54	3.33	12.43	-2.95	12.97
51.84	26.24	27.98	0.02	4.35	5.51	-5.82	8.50	-0.33	12.59
38.78	7.03	40.90	0.20	1.63	0.18	4.25	0.92	3.52	10.29
47.73	15.82	62.42	0.24	2.51	-0.04	1.88	1.20	2.98	5.29
38.60	2.63	78.41	0.06	2.49	-0.18	-0.97	7.67	1.98	9.35
44.40	23.21	106.46	0.41	2.14	-0.62	1.25	1.70	-0.91	2.23
42.64	10.69	114.72	0.34	1.97	0.11	-0.42	1.60	-4.31	3.93
37.86	5.71	132.90	0.02	6.47	5.81	-0.73	16.55	-1.34	11.57
44.52	41.17	3.46	0.04	4.93	1.89	-12.45	3.65	-0.96	4.04
39.13	29.63	30.34	0.27	3.42	1.09	-5.42	1.00	-1.74	3.42
42.92	29.37	28.98	0.06	6.36	1.42	-9.43	2.87	-1.67	7.54
41.13	25.68	61.71	0.01	9.58	11.70	-1.47	7.60	-1.08	11.95
45.26	36.97	79.87	0.01	10.06	-5.48	9.74	4.92	-2.91	5.38
40.11	24.98	103.30	0.22	2.14	-0.55	3.56	1.51	-4.96	5.02
41.48	30.64	111.57	0.03	3.82	-2.41	-2.02	9.27	4.26	9.91
32.20	32.19	118.23	0.03	4.61	3.58	3.51	8.91	3.26	7.33
42.95	42.54	3.14	0.45	4.15	0.96	-6.28	1.16	-1.29	3.86
45.08	40.68	3.66	0.04	6.59	1.50	-6.30	7.20	-1.97	11.16
51.71	41.63	29.10	0.02	11.84	-2.19	-1.51	8.21	4.38	8.52
46.12	50.30	47.69	0.12	3.34	-1.56	1.00	2.78	0.18	2.11
37.87	51.08	53.16	0.07	3.90	-2.75	4.21	1.36	1.41	6.86
36.58	40.59	71.53	0.02	7.22	-0.10	0.52	7.85	-1.55	12.73
39.88	41.09	77.04	0.31	2.91	2.60	4.56	1.60	1.76	1.82
42.48	50.94	99.44	0.06	3.80	-2.71	0.62	9.00	-1.96	5.72
43.84	44.08	115.26	0.42	2.46	0.66	-3.49	1.72	-3.05	2.93
35.69	46.62	128.89	0.37	1.94	-0.39	0.42	1.26	0.68	1.17
34.52	52.46	-1.49	0.01	6.74	-9.40	0.90	10.80	2.36	4.81
43.06	52.51	47.22	0.64	4.96	-0.33	2.53	-1.05	0.21	1.12
35.50	51.20	48.29	0.20	2.93	0.92	0.04	1.04	-1.39	2.90
46.55	55.11	62.34	0.24	2.87	0.75	4.60	1.29	2.31	3.27
41.15	61.26	82.67	0.30	3.69	-0.50	5.41	1.26	0.30	2.44
38.98	60.16	96.92	0.50	1.87	-2.07	0.75	0.83	-1.66	0.24
44.55	51.22	100.30	0.39	2.26	-1.11	3.86	2.04	-4.18	3.16
47.89	52.00	112.89	0.03	5.56	-2.09	-2.28	10.15	0.40	5.49
38.72	55.50	127.70	0.02	6.55	3.27	0.55	10.50	-2.95	10.49
38.59	67.06	21.22	0.36	1.85	2.95	0.64	-0.15	-0.43	1.82
44.15	69.94	29.95	0.43	3.31	2.42	2.40	2.77	1.59	1.29
37.72	66.60	26.46	0.14	2.37	0.20	2.00	1.02	0.27	5.46
39.44	62.37	66.01	0.02	11.54	-1.80	6.82	9.81	1.99	11.27
35.33	61.06	81.87	0.02	5.16	-6.46	0.11	9.03	2.74	6.32
29.49	62.12	96.81	0.38	4.02	-0.79	-1.58	0.07	-1.13	-0.10
41.37	70.14	114.40	0.59	2.39	-0.67	-0.85	1.39	0.32	1.33
38.61	66.70	133.44	0.30	1.92	0.97	-2.65	1.44	-2.33	2.13
37.78	65.11	25.52	0.05	3.78	0.31	-1.52	6.60	-1.08	7.19
48.63	74.34	32.02	0.04	5.96	5.50	-1.41	8.70	-1.20	7.55
36.56	78.44	46.24	0.03	3.69	0.96	0.63	7.38	-3.57	8.42
44.57	74.22	56.69	0.18	2.78	0.03	3.14	1.11	2.43	3.31
49.17	80.50	63.22	0.04	4.30	1.55	2.78	7.75	5.49	9.38
35.63	85.24	76.66	0.31	3.37	0.75	-2.45	1.28	-0.82	1.74
41.22	65.41	106.48	0.02	2.41	0.06	0.58	7.03	5.83	12.99
40.39	76.14	126.70	0.28	1.95	-0.57	2.48	1.38	-3.06	2.98
33.22	105.93	0.07	0.41	3.38	1.26	0.21	2.55	-0.12	1.72
37.13	85.68	54.99	0.23	3.04	-0.06	0.45	1.19	0.00	6.58
37.61	85.13	63.38	0.09	3.09	0.43	1.76	6.33	-0.64	10.42
40.57	87.78	73.43	0.24	2.65	-0.01	2.97	0.95	2.49	9.58
45.64	88.99	89.78	0.04	2.50	1.06	6.38	2.65	0.55	15.14
47.11	92.42	96.53	0.37	2.11	-0.11	1.85	1.00	0.69	4.68
36.34	83.18	115.88	0.01	5.90	1.06	2.90	14.45	1.03	9.10
42.39	75.33	129.83	0.04	4.40	-0.76	7.66	4.95	-0.73	11.44
45.37	105.50	11.03	0.37	3.73	-0.90	-2.22	1.49	3.02	2.44
33.32	99.36	8.20	0.24	3.33	1.37	2.50	2.86	3.30	1.83
42.05	100.59	45.96	0.27	3.23	2.64	5.33	2.60	3.79	1.96
34.76	96.72	45.19	0.04	7.79	5.11	4.13	7.29	-0.22	8.87
40.09	107.61	71.44	0.50	4.49	2.37	-2.55	1.02	-0.28	1.26
41.61	91.59	79.83	0.04	4.05	-0.11	2.76	7.79	-1.48	7.50
41.30	89.60	79.93	0.19	2.05	-0.05	2.28	1.16	2.46	5.14
47.98	95.39	107.52	0.09	2.42	0.08	0.43	6.55	2.60	9.04
48.72	99.12	114.33	0.27	2.21	-0.02	1.12	1.30	0.47	1.62
50.01	97.14	140.26	0.04	4.45	-3.11	-0.01	12.07	9.37	7.55
34.71	105.49	4.60	0.05	5.36	2.44	6.39	10.80	3.36	9.50
43.15	110.43	13.39	0.30	3.21	-0.82	0.85	4.18	2.49	1.36
41.05	116.99	18.07	0.03	3.83	0.45	1.46	3.63	-1.17	10.65
42.71	122.28	41.18	0.02	7.30	-3.99	-3.98	10.69	-1.24	8.21
45.29	110.58	69.95	0.02	2.34	0.84	3.60	7.70	-7.80	4.78
35.00	112.84	93.30	0.26	3.09	2.48	-6.05	1.72	-3.20	2.73
43.13	120.01	109.44	0.44	-0.00	-3.61	-1.75	-0.36	-0.09	0.93
39.34	114.49	123.41	0.26	2.96	1.94	-4.21	1.33	-1.80	1.82
40.07	109.88	127.66	0.01	3.29	-7.37	8.78	7.07	-1.42	10.56
39.16	120.26	12.71	0.25	2.89	-0.51	1.32	2.50	-4.16	2.73
49.17	118.27	30.96	0.02	3.63	-8.04	1.45	8.26	-3.27	5.78
46.22	120.73	35.22	0.18	3.16	-1.50	-4.44	1.66	5.19	3.92
40.55	128.55	60.38	0.40	2.96	1.46	2.45	2.57	3.53	1.74
38.60	128.77	65.24	0.05	2.95	-0.88	-3.56	2.53	-3.12	9.32
43.49	127.10	70.36	0.37	3.60	1.34	-6.28	1.12	-0.95	2.58
48.94	120.18	89.58	0.35	3.10	2.17	-4.03	1.32	-1.57	1.64
41.44	119.17	109.24	0.06	6.81	-2.27	-4.16	-2.95	-0.32	3.51
40.71	133.83	114.87	0.03	4.12	3.16	2.94	8.03	5.57	8.50
38.66	122.15	133.93	0.22	1.91	0.82	-2.50	2.12	-7.22	4.02
40.08	135.29	1.53	0.22	3.62	0.08	-1.19	2.09	-6.25	6.71
37.37	131.31	5.07	0.06	2.26	0.43	-0.56	6.53	2.27	6.47
36.56	128.30	41.37	0.06	2.35	-2.74	-1.40	3.23	0.22	2.08
38.58	140.10	64.35	0.13	4.95	-1.77	0.95	5.22	7.15	1.73
47.89	132.52	68.31	0.02	4.05	-1.72	-7.92	7.81	4.41	6.40
42.53	136.46	85.44	0.02	7.65	4.10	2.18	8.19	-1.47	10.59
34.52	133.21	114.52	0.35	4.30	1.51	1.49	1.09	0.18	1.02
42.68	137.90	127.79	0.14	1.36	0.95	-1.76	5.67	-10.78	3.86
56.65	3.58	4.54	0.17	3.31	-0.14	0.91	1.96	8.02	6.52
56.10	6.99	9.45	0.04	3.85	-1.08	0.06	12.70	3.01	9.53
58.90	9.50	28.20	0.21	2.68	0.45	0.23	1.94	-2.49	1.65
45.53	9.35	50.27	0.07	4.66	0.07	2.43	7.39	4.53	9.88
43.03	0.44	73.61	0.02	3.98	4.15	-3.48	13.81	-1.77	12.87
57.06	-0.60	92.88	0.44	3.01	0.03	-4.38	1.25	-0.94	3.44
51.16	-2.36	94.85	0.06	10.87	-1.39	4.22	7.25	-0.32	8.28
48.30	20.00	109.78	0.03	5.35	-1.75	0.95	8.02	0.53	6.37
53.53	17.99	11.93	0.37	4.15	-0.35	2.52	1.97	2.14	1.36
54.65	20.88	12.02	0.12	1.90	0.43	-0.14	7.46	6.30	2.55
53.68	22.65	34.50	0.02	3.35	-2.58	0.44	11.90	2.95	14.59
61.29	16.16	65.20	0.26	2.69	0.26	6.38	1.10	1.55	4.42
48.18	20.23	69.70	0.09	1.66	0.04	2.59	3.74	8.13	12.41
52.01	27.36	83.24	0.05	2.99	0.49	1.08	9.10	2.80	11.61
50.41	21.84	111.79	0.46	1.59	-1.83	1.98	0.10	-0.26	2.52
56.82	20.88	121.08	0.31	2.05	0.16	3.06	1.24	0.03	4.04
57.74	28.57	12.54	0.21	3.23	-0.18	0.35	3.79	-0.22	1.08
55.04	32.60	17.33	0.35	3.38	-0.09	-2.36	1.08	0.42	4.10
50.35	33.25	24.95	0.40	3.23	0.37	-0.85	1.43	-0.65	2.28
47.54	35.56	37.69	0.01	12.26	-6.63	-11.02	3.71	-0.74	12.69
58.08	31.80	61.11	0.35	2.85	-0.31	2.26	1.13	-1.17	3.76
53.82	34.49	54.86	0.18	2.44	-0.27	2.01	1.98	-3.43	4.79
51.40	26.86	78.27	0.20	2.57	-0.32	1.93	1.30	7.31	9.26
52.19	36.50	92.00	0.21	2.13	-0.15	-0.03	1.18	5.98	10.55
51.52	38.72	96.22	0.08	2.04	0.11	-0.17	5.87	1.94	9.49
51.79	35.63	109.58	0.04	2.20	-0.18	0.12	10.22	-10.63	8.19
50.34	37.12	126.30	0.04	3.00	0.07	-1.94	6.85	1.68	6.06
51.02	37.50	139.33	0.07	1.63	-0.02	-0.45	9.11	-1.11	9.99
60.57	41.57	-2.54	0.22	2.50	0.11	-0.95	2.18	-0.38	6.02
56.11	33.07	13.26	0.06	3.60	0.60	-2.15	6.61	1.61	11.12
53.15	35.50	26.09	0.24	3.40	0.82	1.46	2.02	2.42	1.96
58.14	42.18	41.37	0.01	4.75	-4.75	-9.65	9.81	7.76	11.43
49.47	44.01	49.05	0.17	2.88	-1.85	2.66	3.56	-5.12	2.26
54.35	39.72	60.88	0.03	4.72	-2.86	0.94	11.05	2.26	10.37
59.35	44.94	81.90	0.68	3.54	2.26	7.06	0.04	0.12	2.16
58.59	43.80	82.81	0.03	2.89	-1.91	-0.35	4.42	0.31	6.28
51.05	45.99	109.36	0.40	2.56	0.12	-1.11	1.06	0.52	4.11
51.64	43.98	115.84	0.29	2.10	0.01	0.08	1.11	-3.61	5.63
52.20	41.95	116.16	0.11	1.10	0.06	0.01	2.36	-3.89	11.05
51.18	38.41	133.38	0.28	1.76	0.09	-0.12	1.12	0.24	7.62
45.93	67.35	-2.64	0.01	15.52	-6.50	-8.49	11.81	-1.52	5.48
49.78	65.44	14.52	0.02	7.03	2.15	-2.56	12.02	-0.47	8.87
41.95	58.71	33.92	0.01	12.17	4.78	-5.19	4.22	-7.69	13.96
56.43	54.76	47.74	0.42	1.60	5.04	-3.60	0.18	0.07	1.34
58.10	59.47	65.50	0.56	2.07	3.38	2.72	0.09	0.09	1.13
54.34	48.60	82.32	0.01	5.57	-3.25	-7.26	15.17	5.39	4.45
53.86	59.01	92.14	0.03	5.75	0.97	-0.70	7.34	0.95	9.69
50.91	43.93	102.38	0.23	2.02	-0.71	-0.32	2.71	1.46	2.37
52.65	48.45	112.28	0.28	2.22	1.77	0.66	2.67	2.52	1.74
53.64	52.33	116.31	0.06	3.32	2.24	-0.59	9.93	-1.52	5.48
55.44	61.51	133.39	0.01	5.48	-0.22	-0.63	12.62	-5.02	9.44
53.05	73.47	8.39	0.06	3.05	0.24	-0.24	6.33	-2.06	5.20
49.38	68.32	14.04	0.30	3.77	0.08	-3.70	0.97	-0.65	3.28
49.59	67.47	34.17	0.02	3.53	0.43	8.26	3.49	1.11	8.26
48.64	53.16	47.67	0.03	6.57	3.46	3.30	9.58	4.27	6.81
57.40	70.41	74.17	0.05	3.26	1.50	-1.74	7.48	-1.30	9.45
56.73	68.76	77.34	0.21	2.55	0.08	-2.71	0.89	-3.71	4.89
53.25	63.25	89.67	0.22	2.40	0.37	4.15	0.97	0.91	5.12
57.78	66.93	109.51	0.03	2.07	-0.65	-0.40	8.33	-1.19	10.30
50.40	69.52	114.07	0.62	3.09	-2.22	3.03	1.31	-0.69	1.26
57.66	59.15	116.02	0.29	1.96	1.32	0.25	4.44	1.32	1.29
54.71	71.73	8.30	0.16	3.36	1.05	-1.51	2.44	-2.62	1.90
58.11	87.25	28.02	0.04	3.59	0.74	2.06	11.59	-2.77	7.71
54.38	79.76	29.46	0.26	3.29	2.10	-1.33	3.39	-2.96	1.21
61.48	82.18	51.43	0.20	3.07	-0.25	-2.44	0.93	-1.62	8.00
58.11	75.15	69.19	0.17	2.35	0.22	0.20	1.66	-3.36	5.43
47.41	82.08	93.79	0.02	8.29	0.08	4.03	11.05	-0.61	11.77
49.22	90.90	98.95	0.04	2.85	-0.74	3.24	2.85	-6.10	5.44
57.56	68.05	114.54	0.48	2.11	0.16	0.10	2.11	-2.56	1.63
49.01	69.48	114.51	0.05	6.27	-2.29	2.10	4.55	-1.06	4.57
44.38	73.05	131.19	0.32	1.93	1.64	1.08	1.69	0.53	1.34
52.14	86.71	7.00	0.21	3.07	-1.18	-0.25	7.05	6.38	0.36
48.92	92.73	6.98	0.09	3.86	-1.26	0.01	9.02	0.22	5.87
54.69	86.59	28.68	0.13	1.84	1.68	-0.19	7.72	-1.02	2.06
54.84	91.95	41.50	0.01	11.57	1.10	1.81	8.48	0.69	10.01
50.60	84.27	65.28	0.23	2.51	0.62	2.76	2.05	4.93	3.14
54.81	93.56	72.29	0.27	2.52	-0.10	-0.63	1.21	2.43	3.25
52.51	89.90	103.69	0.34	2.32	-0.22	4.64	1.07	-0.57	5.37
58.61	80.02	111.40	0.25	2.10	0.88	-0.23	6.03	-2.04	1.62
59.25	85.59	115.94	0.03	7.26	0.14	-1.80	8.06	0.70	10.49
52.13	81.46	136.02	0.31	1.82	0.66	2.58	1.89	4.62	2.81
47.33	93.50	6.99	0.28	2.12	-0.42	0.17	4.60	1.06	1.31
49.88	107.78	20.13	0.02	7.94	-0.12	2.51	10.07	-1.73	11.54
57.43	100.20	29.49	0.24	3.01	-0.71	-0.24	7.06	4.65	1.08
55.30	102.89	30.30	0.08	1.45	-0.38	0.11	7.34	-1.26	4.05
53.43	108.16	50.83	0.22	2.81	0.76	2.73	1.07	1.37	2.19
48.24	94.22	81.34	0.23	2.89	1.24	-3.33	1.50	-2.04	2.83
48.55	101.22	89.70	0.01	7.86	3.37	-4.15	8.21	1.95	11.83
48.30	97.15	109.94	0.25	2.06	0.08	0.63	1.06	2.39	6.58
51.63	103.01	126.82	0.17	1.36	0.02	0.33	1.04	3.42	7.82
51.15	110.64	143.83	1.13	2.02	-0.06	-0.04	1.28	2.39	5.65
57.22	127.25	-1.87	0.03	6.99	-5.61	-2.35	12.40	5.37	7.76
55.82	113.78	31.31	0.44	1.45	-2.59	2.25	0.58	1.66	0.39
56.57	110.03	31.30	0.13	3.33	-0.65	0.20	2.07	2.67	1.96
62.94	107.42	53.52	0.53	3.81	-3.21	1.58	1.45	-0.48	1.08
55.70	108.82	62.39	0.02	7.08	-1.13	-0.55	11.17	-7.84	9.32
53.33	109.21	72.97	0.56	3.41	3.22	5.01	-0.04	-0.04	1.50
45.74	117.71	90.84	0.04	8.20	4.34	-3.22	6.68	0.52	6.70
50.85	119.35	107.82	0.33	-1.41	-2.00	-2.78	0.36	0.68	2.00
60.21	115.52	103.96	0.03	2.30	-2.68	-13.15	1.59	1.49	6.66
48.47	117.45	121.65	0.02	4.08	-3.98	2.27	2.56	0.35	2.76
51.34	106.79	135.41	0.07	2.21	-0.03	0.50	7.07	4.03	12.02
56.06	117.95	35.11	0.02	2.96	-0.88	-0.75	10.61	-2.89	13.68
58.59	127.87	61.50	0.28	3.16	-0.65	-4.74	0.89	0.67	2.86
59.59	124.01	78.66	0.01	9.89	-7.37	-1.07	3.15	-2.73	9.92
58.73	122.78	87.10	0.46	2.68	0.67	-0.66	1.13	-0.13	1.34
48.79	119.94	120.72	0.16	1.83	0.73	-1.26	1.64	-2.48	1.93
51.34	125.39	120.68	0.02	7.66	11.57	1.31	11.06	-0.16	9.74
55.33	134.31	0.99	0.19	3.66	-2.39	1.93	2.59	-1.95	1.51
62.39	137.89	26.15	0.06	4.10	-0.40	-3.67	6.87	5.29	6.18
56.68	138.68	38.85	0.03	3.94	-1.74	-1.43	5.97	0.22	9.04
55.09	138.66	77.09	0.04	4.66	4.91	2.39	7.01	5.94	7.09
50.85	136.83	108.36	0.07	2.40	0.20	0.09	8.94	-5.76	7.74
51.97	131.07	111.71	0.28	1.87	-0.04	0.19	1.53	-4.92	4.10
56.01	140.63	119.22	0.78	3.08	0.27	0.85	2.88	-0.89	2.22
57.35	8.90	3.43	0.02	9.31	-8.62	1.14	16.23	3.39	12.50
59.79	7.12	30.89	0.06	3.22	1.30	-0.71	7.75	-4.36	6.27
62.53	2.48	35.78	0.35	3.13	-0.81	3.86	1.40	-2.73	3.46
62.96	-1.13	61.03	0.02	11.99	3.28	1.35	7.44	2.35	10.13
55.97	14.31	63.28	0.03	6.76	-5.78	0.11	1.95	-0.11	3.58
73.19	-0.86	73.53	0.05	5.59	-0.49	-7.36	5.42	1.69	11.34
65.41	0.32	83.73	0.29	1.86	-1.47	-2.32	0.08	0.35	5.21
77.20	1.95	114.91	0.04	12.20	6.82	-7.38	7.12	-1.18	5.45
72.03	-3.00	130.48	0.02	12.53	-2.69	2.90	7.35	7.38	12.63
62.29	16.09	27.07	0.22	2.99	1.12	0.77	3.83	1.27	1.08
65.68	29.43	32.71	0.09	2.21	-0.08	-0.05	6.86	4.69	5.06
63.57	21.21	62.19	0.02	10.57	1.93	-2.27	10.11	-0.07	11.90
68.17	19.23	68.37	0.40	2.51	-0.22	1.04	1.54	-0.69	1.26
66.90	11.56	99.55	0.01	8.49	2.78	1.63	10.53	6.23	15.91
62.35	23.51	128.93	0.35	1.85	0.50	1.62	1.20	1.23	2.32
66.41	25.43	138.68	0.14	2.56	0.25	1.34	2.68	0.06	5.20
58.74	26.04	21.20	0.01	10.99	8.01	5.42	4.14	-3.17	9.74
67.40	28.05	31.33	0.32	3.22	0.08	0.79	2.35	3.70	2.36
65.21	37.14	34.88	0.27	2.94	-1.18	1.93	2.27	-1.30	1.27
64.71	27.62	66.97	0.30	2.66	-1.34	2.36	2.29	-2.45	1.64
68.03	22.62	68.91	0.07	3.30	-2.57	1.76	6.46	-2.67	4.28
64.55	23.88	87.74	0.01	4.50	1.45	-3.00	16.32	7.49	12.37
60.48	21.57	127.18	0.05	4.59	1.10	2.68	7.77	1.54	8.71
65.71	25.97	136.67	0.35	1.86	0.32	0.05	0.86	0.52	3.68
60.08	37.78	7.06	0.20	3.53	0.51	-2.38	1.50	-4.64	5.93
59.90	39.64	30.85	0.32	3.18	-0.08	2.45	1.09	0.42	2.36
64.38	39.56	50.54	0.01	17.19	0.95	-8.03	3.94	-0.36	6.00
71.57	48.97	62.61	0.02	8.56	-5.31	0.41	9.53	-2.31	7.34
53.90	44.31	80.76	0.04	7.11	4.68	9.24	3.26	2.29	4.86
74.15	45.17	86.54	0.30	3.46	1.51	2.55	1.46	0.74	1.83
73.83	49.23	124.37	0.42	1.96	-0.83	-0.04	3.39	0.31	1.08
62.81	39.24	139.44	0.01	7.84	4.69	3.97	13.09	0.56	9.27
64.64	45.17	-3.69	0.05	5.41	-0.12	-2.76	9.30	-1.92	9.71
63.76	48.99	20.43	0.01	9.54	4.08	-2.98	13.00	-0.15	11.04
67.95	54.54	46.12	0.55	2.52	-1.60	1.01	0.80	1.17	0.14
71.51	53.85	45.00	0.06	8.01	-0.15	-4.30	5.04	-1.48	5.41
68.57	57.13	71.95	0.31	2.49	-0.17	2.87	0.93	-0.97	4.45
74.28	57.54	87.87	0.01	6.97	5.70	1.92	5.96	-0.59	12.05
72.84	47.24	120.59	0.01	9.10	0.99	4.96	10.45	5.04	9.51
68.89	82.11	24.22	0.06	1.94	0.31	-1.05	8.77	-3.92	7.30
70.67	68.54	37.21	0.18	2.77	0.18	1.43	1.41	-2.86	4.98
62.59	58.21	67.29	0.07	4.10	-0.77	5.28	2.92	-0.97	3.95
54.18	65.21	82.04	0.14	2.63	0.37	-2.70	1.48	-1.86	4.31
65.41	66.02	97.32	0.37	3.46	0.19	5.46	0.99	0.43	2.36
72.30	76.47	134.47	0.04	2.35	1.11	0.35	10.13	1.79	10.57
71.40	76.51	-0.80	0.02	7.40	0.21	-2.94	10.29	-1.23	13.81
70.63	79.63	25.01	0.18	3.27	0.63	-0.85	1.46	-4.41	4.89
72.83	80.24	28.19	0.04	3.13	0.33	-1.79	10.12	-5.61	8.40
60.41	82.91	47.57	0.07	1.29	-0.07	-3.32	1.66	-3.72	13.87
60.50	80.70	53.29	0.05	3.48	0.61	-1.66	6.43	-1.17	8.27
54.66	90.57	71.42	0.04	2.36	-1.46	-1.05	8.70	3.28	7.70
71.53	68.00	99.70	0.02	7.50	3.70	3.61	8.80	-0.98	10.30
77.15	84.09	138.96	0.03	8.93	1.78	2.58	11.69	-0.46	5.85
65.80	88.27	33.47	0.17	2.94	0.14	-2.24	0.97	-3.34	5.89
67.75	88.10	35.54	0.04	3.74	1.02	-3.05	4.61	-5.44	8.19
70.40	97.86	56.16	0.01	8.78	-4.52	2.53	8.01	-10.96	7.67
70.78	94.22	84.21	0.01	13.52	2.68	5.71	8.61	-3.76	12.71
58.72	76.63	112.93	0.07	1.70	0.40	-0.38	9.97	-5.37	5.94
62.33	89.15	111.11	0.34	2.41	1.90	1.58	2.46	0.56	1.82
61.11	89.16	140.63	0.73	4.38	10.13	-1.93	4.09	-0.61	2.78
55.92	99.16	5.50	0.01	5.46	-7.00	-4.94	10.88	-1.35	10.43
57.37	104.73	30.81	0.04	2.79	-5.24	-8.17	8.36	9.88	3.47
67.16	102.33	43.08	0.01	11.49	-0.01	-4.84	8.24	3.10	9.69
71.80	104.08	55.86	0.34	2.92	-2.12	1.37	1.64	0.36	1.36
66.56	105.38	57.13	0.03	6.65	-1.62	9.84	3.24	-0.81	7.57
68.86	105.52	74.76	0.36	2.68	-5.04	1.85	2.87	-0.66	1.02
67.30	101.94	105.74	0.01	7.74	3.10	0.62	10.45	-4.66	8.45
71.49	96.92	114.62	0.39	2.69	2.31	3.97	2.83	2.96	2.12
65.46	123.17	5.59	0.06	2.17	-0.17	-0.48	5.28	4.14	8.97
62.90	117.42	25.19	0.01	4.27	3.63	-3.99	5.94	-3.41	14.57
60.39	118.73	34.46	0.24	3.30	1.06	3.03	1.50	1.91	2.40
74.91	114.74	68.20	0.02	4.78	-2.06	-0.78	4.30	6.29	10.87
59.26	108.44	73.92	0.05	7.83	-5.79	-0.56	4.45	-0.71	3.82
72.70	110.79	93.48	0.02	9.19	-6.43	4.10	9.21	-3.27	9.77
61.85	116.41	103.10	0.40	2.73	-1.05	-4.17	0.34	0.46	2.48
73.19	105.36	136.74	0.01	11.28	-4.23	6.17	10.42	3.34	8.04
67.96	121.24	1.24	0.20	3.21	-0.82	-1.31	1.07	4.64	7.72
70.30	129.81	19.56	0.37	3.58	-0.07	1.86	1.04	0.54	1.62
64.33	121.36	35.04	0.02	4.65	4.52	1.67	9.18	-0.69	5.81
69.83	121.91	38.60	0.44	3.74	0.13	2.59	0.97	0.43	1.41
67.62	128.44	58.48	0.30	3.28	1.89	-1.04	1.65	-1.00	1.20
54.61	124.41	67.59	0.02	6.76	-8.37	-3.17	6.44	-5.35	9.32
74.17	117.97	74.00	0.25	2.66	-0.45	-1.21	1.46	4.31	3.55
65.73	125.20	82.28	0.28	2.90	0.16	-2.34	1.24	0.24	2.36
69.03	114.37	99.49	0.10	5.37	-2.16	-6.46	1.76	0.66	3.65
60.26	116.97	107.14	0.02	6.02	2.27	-0.46	9.02	-4.49	8.52
70.22	134.98	129.36	0.01	1.91	4.04	-0.03	10.74	0.67	9.11
60.25	128.54	4.32	0.17	3.05	-0.95	3.75	1.52	-2.18	3.17
64.26	132.18	20.99	0.16	2.90	-0.75	-3.03	1.23	3.45	4.56
61.46	141.75	17.53	0.03	11.86	3.10	2.69	6.91	3.81	17.52
67.05	128.62	76.55	0.01	2.33	-5.99	3.58	10.01	-6.59	9.12
57.90	130.49	85.09	0.02	4.72	-2.60	-2.29	12.14	4.81	6.46
54.43	132.32	113.76	0.02	2.00	4.06	-0.46	14.35	1.01	7.04
56.07	140.43	119.81	1.80	3.43	1.38	9.26	2.03	1.22	3.23
59.27	138.88	133.79	0.02	9.09	1.66	5.32	3.97	3.38	9.51
71.76	-3.11	32.54	0.05	8.08	-2.66	-3.29	9.21	2.07	10.22
82.91	-3.62	51.09	0.07	3.77	0.31	4.17	5.89	3.12	12.32
84.26	-2.89	59.31	0.85	2.25	-0.02	-1.38	1.76	0.56	4.35
77.28	-3.71	70.61	1.58	2.93	-0.39	-4.21	1.84	0.68	4.11
81.63	7.43	98.24	0.02	5.96	1.04	2.62	7.82	2.09	11.21
71.49	1.32	116.83	0.32	2.76	3.09	-5.53	2.09	-2.72	1.59
84.42	4.52	141.42	0.67	2.28	0.83	-4.49	1.08	-1.00	5.96
78.50	35.93	18.44	0.20	3.41	1.39	-0.90	2.88	-1.21	1.64
69.65	15.96	73.25	0.03	3.62	0.40	7.80	3.67	0.49	9.38
75.01	18.11	78.86	0.26	2.41	-0.17	3.42	1.07	0.73	7.34
80.59	20.08	95.73	0.07	2.76	0.23	2.95	4.77	1.52	10.11
86.16	7.65	127.75	0.01	6.90	-2.33	-8.42	11.17	-3.26	12.63
78.28	16.56	8.77	0.01	10.32	-3.09	-0.08	11.28	6.04	13.48
72.37	31.08	24.48	0.26	3.38	0.37	-2.93	1.22	-1.53	4.59
74.19	31.78	28.96	0.04	6.50	6.13	-3.30	13.61	-1.52	10.99
75.11	38.29	55.06	0.05	3.38	-0.11	1.73	6.36	-3.09	10.86
81.78	36.30	63.22	0.34	4.72	-2.02	7.89	0.10	-2.48	1.05
77.02	23.79	81.70	0.02	5.15	-1.00	-0.35	12.41	5.33	7.30
87.61	28.91	104.45	0.01	2.52	-2.98	0.25	9.29	7.27	7.54
84.26	25.53	112.82	0.06	2.66	0.26	1.31	6.23	1.55	7.79
73.40	28.18	134.24	0.01	5.83	3.49	-1.96	12.85	2.10	12.99
77.75	45.01	21.85	0.06	1.85	0.11	0.48	6.30	3.68	6.66
79.41	45.88	22.60	0.22	3.20	-0.24	-0.03	1.76	4.90	3.88
74.30	40.44	49.19	0.17	2.80	0.07	-0.89	1.36	-2.39	3.98
74.94	36.98	60.62	0.33	2.50	-0.03	1.42	0.86	-0.61	3.12
77.76	37.52	63.91	0.30	2.85	0.27	1.86	1.37	1.37	2.33
80.06	46.81	73.77	0.01	4.12	2.92	-1.82	6.84	9.16	10.75
79.37	47.90	88.35	0.30	2.53	1.59	2.87	2.21	2.69	1.36
80.07	41.62	97.54	0.02	10.23	-2.22	2.58	9.83	-1.58	9.25
84.49	42.62	116.15	0.28	1.83	0.15	-1.69	1.16	-1.57	3.78
78.85	43.24	123.62	0.40	1.87	-0.65	-1.44	1.39	1.05	1.69
73.71	50.10	126.56	0.02	1.47	-0.12	0.03	5.15	-1.26	11.04
81.61	60.54	-1.48	0.06	4.14	0.66	2.05	7.95	3.89	11.86
80.59	56.94	37.76	0.20	3.19	-0.35	-2.79	1.19	2.20	5.33
73.13	48.58	44.37	0.21	2.90	-2.24	0.59	3.38	-0.22	1.13
76.82	58.48	82.87	0.33	2.52	0.12	2.69	1.09	1.24	4.24
80.83	57.18	88.45	0.34	2.36	-0.54	0.74	2.55	-1.56	1.32
80.38	56.83	89.34	0.10	2.61	-0.75	0.06	7.33	0.39	4.56
71.93	61.92	125.99	0.23	1.67	-0.62	-0.65	3.25	5.56	1.88
84.22	70.19	15.59	0.12	2.73	-0.28	3.08	0.75	9.60	22.06
83.63	74.44	25.09	0.07	1.35	0.14	2.08	2.85	9.60	20.54
73.11	60.28	43.30	0.32	2.98	0.67	-0.86	2.07	-2.66	1.80
71.96	63.61	43.75	0.04	4.56	0.81	-0.06	10.12	0.84	10.27
72.68	55.37	78.19	0.03	6.34	1.01	4.65	10.21	-3.30	9.29
81.21	63.84	91.59	0.39	2.44	0.12	1.85	1.09	1.41	3.32
76.62	65.97	101.59	0.09	3.14	-2.76	-4.33	1.53	1.69	1.60
80.64	67.11	111.75	0.07	2.21	0.21	8.62	2.30	1.18	13.14
71.98	59.04	125.70	0.06	2.35	-0.92	-0.31	9.46	3.21	4.98
84.75	74.74	10.01	0.01	9.30	-2.26	-8.41	4.35	10.95	16.23
71.55	75.23	131.87	0.25	1.90	0.03	1.37	1.69	4.37	3.02
79.21	88.19	5.53	0.01	5.87	-1.05	10.18	6.89	6.16	10.13
79.06	94.80	18.69	0.33	3.29	0.26	-2.78	0.93	-0.86	3.48
70.29	92.14	26.08	0.35	3.34	0.42	-1.58	1.33	-0.52	2.98
84.28	88.45	53.57	0.36	2.87	-0.93	0.31	1.94	0.07	1.07
76.28	94.28	75.87	0.01	7.35	2.18	-0.08	12.98	5.32	7.57
79.66	92.39	111.75	0.04	6.89	-1.81	-3.93	6.98	3.25	6.55
82.46	91.65	109.49	0.34	2.32	-0.99	-3.74	1.51	3.20	3.00
74.79	97.02	115.59	0.15	1.89	0.46	-0.68	2.22	0.60	2.37
74.69	93.92	138.92	1.79	5.88	4.50	-3.28	1.44	-0.47	1.80
78.76	102.08	0.57	0.01	11.12	-5.11	-3.40	7.94	-0.57	10.35
77.80	94.79	22.52	0.02	10.42	-1.41	0.33	9.34	1.26	8.03
72.48	90.74	21.51	0.23	3.19	0.26	0.48	2.25	1.94	1.65
78.59	97.65	53.99	0.31	2.96	-2.73	-1.97	3.72	3.44	1.26
78.11	97.84	59.53	0.03	5.21	-1.93	1.19	5.82	-0.34	11.39
81.63	100.02	72.00	0.36	2.86	-1.65	-4.29	1.65	2.46	2.43
95.95	102.60	89.33	0.19	2.71	0.78	-2.30	0.88	-1.80	3.41
82.54	105.59	117.91	0.41	2.79	2.35	1.30	1.97	0.73	1.38
81.47	102.09	120.03	0.03	5.69	6.52	2.10	8.25	-0.38	7.95
70.50	121.71	2.30	0.03	4.95	0.44	-0.61	7.73	-2.24	9.09
76.78	121.38	32.99	0.02	10.34	3.26	-2.65	8.80	2.70	8.71
79.19	119.36	40.25	0.24	3.38	-2.64	2.33	2.07	-1.50	1.75
75.34	99.28	54.94	0.09	2.13	-3.19	-1.95	4.53	2.28	2.80
73.05	108.53	63.80	0.22	2.55	-0.24	0.64	1.39	2.90	5.44
73.11	107.99	67.35	0.06	2.39	0.56	0.77	7.21	0.92	8.43
90.92	103.51	91.04	0.30	2.70	-2.33	-0.25	1.99	-0.18	1.09
79.53	110.51	95.50	0.37	2.79	-1.95	-7.57	1.61	4.09	3.19
82.46	114.53	114.43	0.02	7.12	-2.29	1.57	7.82	-3.51	6.64
79.24	111.89	124.84	0.01	6.52	1.84	1.37	7.75	5.43	8.77
66.39	126.54	9.47	0.09	6.01	0.00	1.02	0.00	0.51	3.25
80.79	131.41	23.77	0.02	8.52	1.66	4.78	5.85	6.16	5.47
68.97	128.28	16.19	0.05	3.49	2.00	4.24	3.34	0.79	7.62
76.38	119.29	41.05	0.03	8.73	-5.47	2.19	5.32	1.61	4.18
70.43	128.63	58.76	0.03	6.90	1.01	1.19	8.04	3.16	7.20
76.21	134.01	65.72	0.02	2.12	-2.45	1.38	6.75	2.46	9.90
73.37	121.81	74.58	0.02	2.99	0.21	-2.05	14.97	-1.11	6.09
85.77	125.69	97.92	0.16	0.56	2.15	-3.20	-0.08	0.36	6.24
79.56	125.48	116.01	0.24	1.46	-1.25	-3.33	0.03	-0.25	9.05
80.45	124.83	112.88	0.06	2.50	-0.08	-3.35	3.97	0.09	12.32
76.25	124.23	131.83	0.13	1.32	0.29	0.37	0.92	0.50	4.92
86.10	133.84	22.95	0.44	2.88	-2.22	1.55	-0.14	0.21	0.59
78.87	132.26	23.40	0.28	3.49	0.90	1.61	1.21	0.91	1.25
74.00	140.09	50.80	0.10	3.49	0.76	2.01	6.03	-3.53	9.18
74.07	134.25	57.40	0.41	2.65	1.16	0.99	1.59	-0.29	1.74
77.76	134.50	62.22	0.19	2.68	-0.22	0.33	1.35	0.55	3.60
75.28	136.54	91.57	0.01	7.25	1.43	2.65	10.36	-4.09	14.27
81.30	139.07	111.70	0.06	4.78	-1.61	-3.00	6.10	1.18	8.50
75.19	133.55	119.65	0.03	4.39	-0.68	0.24	9.04	-6.17	6.09
75.15	134.55	133.85	0.02	6.45	-3.24	0.80	4.69	-1.19	7.43
91.22	8.85	11.47	0.30	3.39	-0.54	0.49	1.12	3.16	8.21
91.54	10.93	21.42	0.39	3.24	0.04	0.43	1.64	-0.84	1.90
92.70	8.67	17.07	0.08	3.35	0.01	-0.14	6.72	-1.51	12.77
88.32	-3.60	61.06	1.53	2.84	-0.46	0.80	2.24	0.85	1.98
94.53	-2.24	63.72	1.12	3.45	-0.33	-0.19	1.62	0.90	1.57
93.80	3.66	73.81	0.27	2.47	0.06	4.17	1.38	3.97	7.76
100.10	4.77	100.17	0.01	8.37	2.76	0.93	4.73	0.16	14.59
86.90	5.94	112.73	0.48	4.01	2.27	-4.61	1.15	-0.92	1.61
94.83	2.75	128.30	0.07	3.66	-1.64	-3.75	4.44	2.92	7.19
94.28	5.12	128.01	0.34	1.91	-0.26	-1.58	1.02	0.88	2.72
89.16	9.04	13.01	0.09	1.62	-0.10	0.25	5.54	2.68	11.61
89.67	16.39	26.32	0.17	1.46	0.20	0.68	1.73	4.79	7.57
93.34	24.67	37.61	0.28	3.12	-0.03	1.64	1.20	3.37	3.92
93.49	29.92	42.19	0.21	1.34	0.63	0.88	3.38	2.91	3.26
92.76	11.57	47.84	0.01	11.64	3.68	1.75	10.37	-6.39	12.39
93.67	19.23	130.73	0.03	4.59	-3.40	1.92	12.02	-3.96	8.23
95.81	26.90	137.18	0.05	1.14	-0.34	0.71	5.67	-4.37	6.70
92.64	21.63	33.59	0.08	3.30	-0.11	0.80	7.17	1.18	9.92
96.02	30.48	42.34	0.34	3.00	0.43	0.72	2.76	1.11	1.75
90.15	35.86	68.44	0.31	2.55	-0.72	-1.58	1.48	2.18	2.15
89.28	26.74	79.61	0.01	2.97	-0.29	1.92	11.33	-3.20	11.23
82.08	21.65	100.64	0.23	2.02	0.18	2.88	1.28	2.16	9.72
88.92	28.31	121.73	0.28	1.83	0.12	4.10	1.04	2.42	8.63
94.81	29.99	132.92	0.20	1.62	0.43	1.25	1.12	-0.63	4.68
84.84	29.43	0.99	0.01	8.80	-2.45	1.39	13.50	10.40	10.21
84.81	41.08	69.06	0.36	3.09	-0.65	2.16	1.29	-0.35	1.56
93.65	34.11	66.97	0.06	4.83	-0.96	-3.00	3.88	1.52	6.31
87.60	51.83	104.69	0.10	2.09	0.26	-0.38	6.80	-3.21	7.62
87.50	49.88	106.82	0.28	2.10	0.42	-0.62	1.60	-4.68	4.53
81.91	42.29	119.27	0.04	4.08	0.26	-2.80	4.86	0.17	6.74
93.49	29.87	133.83	0.07	2.27	-0.07	3.47	3.35	0.73	10.57
96.67	44.56	-2.70	0.03	6.19	-8.52	13.02	1.32	2.66	8.23
98.77	52.59	47.16	0.08	3.40	-0.56	-4.28	4.20	4.79	11.06
88.21	66.58	64.05	0.07	1.61	-1.52	-1.46	7.06	1.93	4.82
89.56	60.41	76.12	0.01	6.13	1.27	5.78	13.07	-4.29	11.28
86.63	61.84	98.49	0.36	2.27	0.28	1.06	1.48	-2.58	2.53
88.43	51.58	104.65	0.29	2.08	0.44	-0.05	1.84	-2.26	1.56
84.53	63.28	116.11	0.03	4.74	-0.81	4.07	7.46	2.65	12.33
90.68	53.17	136.85	0.01	9.78	-2.43	1.13	12.69	2.39	8.89
84.74	66.05	6.34	0.14	3.74	-0.18	1.00	1.63	2.64	7.11
87.16	73.98	28.50	0.03	2.23	-0.81	-1.02	6.71	4.06	7.33
83.55	64.82	26.38	0.03	3.03	1.34	-0.10	13.34	-0.35	10.14
91.01	63.56	62.90	0.30	2.88	-0.80	-1.45	1.64	2.76	2.47
88.69	70.91	65.53	0.33	2.64	-0.88	0.19	3.72	0.48	1.05
89.91	78.05	61.93	0.07	1.88	-0.79	1.39	6.77	-7.16	6.34
88.14	66.69	98.41	0.10	2.28	1.72	-0.12	6.75	-1.76	3.80
89.10	69.95	97.57	0.41	2.23	1.08	1.14	3.82	1.90	1.12
83.90	67.54	107.00	0.02	2.49	-1.05	1.08	2.81	-0.12	13.96
83.35	67.60	115.16	0.27	2.01	-0.06	5.89	0.77	0.71	10.21
93.23	70.44	132.08	0.24	1.93	0.13	2.71	0.97	1.01	4.35
87.85	74.93	27.19	0.09	3.26	-0.22	-0.09	1.23	1.95	5.95
86.37	82.84	42.19	0.24	2.91	-0.14	-0.98	1.08	2.34	6.34
86.76	80.34	37.93	0.37	2.12	-1.34	1.58	0.93	0.73	0.23
85.02	83.29	49.62	0.08	2.49	-0.29	0.37	7.21	-0.90	8.72
87.90	80.21	62.63	0.68	2.80	-0.44	0.37	2.10	-1.70	1.62
85.77	80.72	62.08	0.10	1.40	-0.60	1.92	6.46	-6.24	6.92
92.14	73.62	94.61	0.03	6.80	1.33	3.65	8.96	1.75	8.45
92.98	78.61	100.98	0.48	2.49	-0.43	-1.26	1.50	2.66	2.21
88.67	75.03	113.18	0.02	5.12	-1.04	-2.91	8.81	3.07	10.57
93.57	72.21	132.75	0.04	3.33	-0.20	-1.09	8.16	-2.19	7.09
94.47	70.95	134.17	0.25	1.63	-0.08	0.10	1.46	-1.26	2.16
87.17	94.78	0.35	0.02	4.24	0.68	-3.61	12.28	2.36	12.49
85.86	97.84	13.07	0.23	3.38	2.00	-1.25	1.91	-1.38	1.48
90.25	83.25	38.78	0.06	3.43	1.56	-0.59	8.41	-0.69	6.70
90.09	84.11	38.45	0.23	3.32	1.55	-1.35	1.92	-1.74	1.69
85.10	85.52	56.84	0.29	2.57	-0.28	0.78	1.49	-0.65	4.74
88.21	90.55	65.60	0.19	2.55	-0.07	0.87	1.67	4.46	3.45
92.64	99.10	93.24	0.06	2.57	0.69	-0.65	6.37	-2.50	4.85
88.26	86.46	105.35	0.40	2.40	-1.37	-0.57	2.93	1.52	1.94
89.03	85.78	103.12	0.06	2.49	-0.45	-0.22	7.36	0.63	5.76
86.28	100.69	122.72	0.04	3.15	-0.39	0.71	7.41	-3.88	7.48
98.29	94.20	134.14	0.32	1.55	-0.72	1.02	2.11	-1.81	1.54
81.18	94.75	18.72	0.06	4.67	0.97	-5.75	3.41	-2.13	5.67
93.78	103.43	14.03	0.24	3.80	1.36	3.74	2.12	3.28	1.62
94.66	98.76	38.95	0.08	3.17	-1.05	-0.52	7.77	3.10	5.17
93.02	95.77	37.23	0.20	1.44	0.07	0.05	4.73	2.87	1.61
85.19	91.45	52.71	0.02	9.61	2.08	0.63	8.52	-0.18	4.92
87.54	92.08	66.90	0.07	2.50	-1.36	-2.22	4.70	6.60	5.32
87.65	89.68	69.64	0.05	3.15	-0.29	-0.29	9.36	-1.97	7.42
90.86	94.52	99.31	0.25	2.27	0.37	-2.36	1.51	-5.09	5.83
89.80	90.15	108.12	0.01	1.52	-0.48	-1.92	9.64	12.45	8.43
85.16	107.61	119.52	0.32	2.90	1.18	-1.05	1.25	-0.72	1.09
86.78	101.28	124.30	0.20	1.91	-0.55	3.49	1.33	-3.36	4.48
95.44	95.28	137.68	0.07	3.62	-0.35	1.63	4.81	-0.16	8.47
91.03	124.05	0.01	0.06	3.93	-1.37	-2.79	11.49	8.35	8.36
98.63	107.91	21.98	0.03	6.01	1.51	-0.40	8.91	0.70	9.24
86.97	113.48	42.00	0.23	1.34	-1.48	4.60	3.16	-2.41	0.26
86.44	111.59	45.69	0.02	7.75	-3.40	-2.76	6.35	1.24	8.16
86.04	110.25	87.76	0.01	5.66	-1.71	-7.53	10.41	-0.84	11.49
89.20	111.12	119.28	0.53	0.01	3.36	-2.19	2.67	0.49	0.12
90.17	113.02	118.80	0.09	3.13	6.80	-0.05	4.18	0.56	1.89
91.28	123.92	-0.88	0.18	3.45	-1.16	0.54	1.57	4.95	4.35
92.30	131.38	20.22	0.02	5.62	-0.30	4.07	6.45	-2.87	12.93
96.60	134.70	29.76	0.09	4.50	2.86	6.21	3.06	0.43	6.36
88.63	128.69	52.15	0.01	8.83	-1.06	2.96	10.68	-1.97	13.01
92.46	124.49	89.11	0.28	2.50	-0.01	-1.59	1.01	0.91	2.13
96.22	120.37	85.25	0.21	2.28	-1.31	-1.30	1.91	2.46	1.61
93.31	121.95	88.80	0.05	3.71	-1.31	-2.60	5.22	1.47	5.94
94.18	127.69	119.31	0.02	6.64	-0.89	-1.35	10.95	-1.13	7.53
80.33	128.98	141.47	0.13	2.16	0.49	1.89	2.98	3.43	5.64
87.69	134.54	6.49	0.15	2.65	-0.76	-0.99	2.67	5.66	2.95
94.21	134.69	30.04	0.32	2.62	1.12	4.21	0.03	0.62	4.90
97.94	136.53	41.22	0.05	4.87	-4.23	-1.71	7.53	1.64	6.07
95.07	135.44	76.93	0.01	12.76	1.28	-1.40	9.48	2.22	7.93
90.67	139.41	109.74	0.15	3.75	-4.40	2.72	6.09	-2.87	2.70
95.86	133.89	111.34	0.31	2.44	-2.91	5.49	2.63	-3.64	1.70
97.04	135.31	117.33	0.01	9.18	-3.28	-11.82	4.00	9.86	4.36
92.39	4.85	-7.88	0.34	3.91	-0.01	-0.09	2.98	-0.98	7.13
95.06	2.94	28.00	0.25	3.04	-1.09	2.45	2.45	-3.93	2.49
98.88	-3.05	29.57	0.05	5.47	-0.09	1.38	9.45	-1.92	7.98
98.92	-1.75	61.33	0.05	5.43	-0.60	-4.12	5.38	2.08	11.78
99.54	10.49	89.27	0.25	2.28	-0.45	0.42	0.97	2.07	5.08
98.83	14.65	98.09	0.27	2.09	-0.23	-0.23	1.41	2.26	3.13
102.93	6.21	112.57	0.45	4.66	-0.93	4.66	1.01	0.00	1.36
99.14	-0.82	123.54	0.46	1.91	-1.21	-1.44	2.19	2.89	1.92
93.82	18.69	30.03	0.17	2.80	0.28	0.88	1.33	3.95	6.62
94.75	12.01	70.01	0.02	7.98	5.26	2.24	13.02	-5.44	9.23
98.81	9.89	87.11	0.07	2.81	0.24	1.74	8.21	3.92	9.44
99.30	20.59	102.34	0.32	2.11	-0.10	0.44	2.43	1.60	1.15
99.01	9.61	106.71	0.02	2.39	0.35	-0.27	9.03	-2.02	11.14
108.20	32.37	10.72	0.02	7.45	3.05	0.60	10.63	-2.46	18.58
101.96	42.19	31.71	0.10	3.60	1.24	-0.90	7.86	-1.33	10.01
96.06	30.66	50.24	0.08	2.90	-0.03	-0.03	6.58	-0.60	12.07
96.17	31.76	53.41	0.24	2.75	-0.24	0.23	1.13	-0.68	7.41
96.31	32.48	64.90	0.54	2.46	-0.84	0.13	0.83	0.25	2.07
101.19	34.28	83.87	0.29	2.45	0.13	1.37	1.14	1.06	10.52
101.26	34.02	87.25	0.09	2.41	0.00	1.64	5.74	1.58	10.40
100.80	30.53	102.60	0.40	2.23	0.89	-0.62	3.78	-2.56	1.53
100.34	28.19	102.60	0.09	2.50	1.41	0.61	10.86	2.25	5.53
102.97	32.30	118.50	0.02	6.19	-0.20	0.06	8.53	5.50	11.73
103.90	34.99	138.67	0.03	2.07	-0.52	0.86	9.95	-5.89	8.37
108.20	46.74	4.49	0.24	2.68	-1.88	-1.97	0.14	0.46	10.98
102.53	44.90	26.89	0.14	3.42	0.32	-2.00	1.67	-1.74	7.48
98.41	38.54	37.52	0.31	3.02	0.82	-1.62	1.83	-4.00	5.40
100.93	47.86	32.90	0.17	1.29	0.47	0.21	3.26	1.88	3.30
96.77	42.20	54.06	0.02	3.43	1.63	1.55	7.33	-6.30	11.99
103.96	40.20	82.44	0.21	2.49	2.30	1.71	4.08	2.04	1.43
104.16	38.40	81.49	0.03	5.09	1.69	2.68	10.17	0.69	8.67
104.32	39.14	105.06	0.28	2.05	0.28	1.70	1.32	2.96	4.88
105.05	44.39	124.31	0.06	1.81	-0.18	-1.30	4.62	2.40	13.80
105.31	44.08	122.30	0.24	1.87	0.92	-1.53	0.12	0.33	6.68
103.56	47.01	10.34	0.15	1.73	0.10	-2.87	1.17	0.44	18.13
103.52	48.61	35.14	0.35	3.11	-0.30	0.78	1.28	-0.92	2.10
100.58	50.69	39.18	0.28	3.13	-0.45	-2.16	0.89	1.93	8.09
95.71	55.44	53.07	0.22	2.79	-0.65	-2.21	0.96	3.57	6.08
94.05	47.71	61.56	0.02	5.44	3.08	-1.25	6.56	1.13	11.11
105.38	55.41	99.25	0.02	6.43	-0.13	0.00	11.55	3.34	6.74
111.28	50.73	119.07	0.02	7.80	-1.53	1.93	8.43	4.91	5.93
102.77	46.36	140.97	0.34	1.70	0.17	-0.46	1.42	2.25	7.04
99.22	49.43	32.37	0.05	1.45	0.55	-2.13	6.06	0.86	11.03
101.56	57.99	35.07	0.02	4.55	-0.04	0.34	5.81	5.34	10.24
91.97	70.79	60.36	0.03	5.79	1.26	1.46	11.65	0.41	7.73
101.04	73.57	94.36	0.05	3.85	-1.24	-7.42	4.59	2.84	8.66
99.22	73.31	100.33	0.30	2.39	-1.06	1.38	1.55	-2.24	2.33
106.97	67.81	104.19	0.41	2.63	-1.50	2.41	1.82	-0.96	1.77
110.05	77.13	-0.25	0.01	11.43	-3.08	-2.81	6.62	2.42	8.37
101.63	75.20	27.15	0.01	8.16	3.65	-2.91	10.45	-3.30	10.33
104.31	76.62	46.87	0.10	2.94	-0.52	-1.47	2.07	1.07	4.18
96.75	78.94	55.79	0.21	2.86	-0.79	-4.44	1.00	1.34	5.92
99.45	75.39	95.41	0.25	2.53	-0.41	-3.34	0.96	0.44	4.26
93.36	75.71	99.35	0.25	4.13	3.08	-0.50	1.64	0.18	0.54
100.35	73.57	108.31	0.01	5.32	-4.66	-5.22	7.97	7.23	8.80
108.39	75.35	125.57	0.01	3.38	-2.59	-10.09	8.70	11.73	9.48
97.35	77.11	134.73	0.25	1.97	1.58	2.68	3.20	4.67	1.97
98.12	97.98	9.54	0.01	6.51	2.13	-1.89	9.86	4.03	10.50
95.62	91.76	36.34	0.34	2.95	0.06	0.55	2.49	0.69	1.03
95.45	81.97	62.64	0.36	3.50	1.50	3.80	1.35	1.48	1.81
95.63	86.10	76.94	0.01	6.03	3.86	-1.33	9.66	1.62	11.39
90.45	88.26	104.43	0.01	6.49	-7.02	-3.06	1.85	0.64	9.81
99.20	87.25	137.11	0.05	2.07	-0.99	0.29	10.68	-1.09	8.19
96.44	96.06	133.92	0.26	2.11	-0.90	6.11	1.36	-2.41	6.01
96.70	108.95	17.72	0.11	2.47	0.93	2.43	3.58	3.34	4.00
95.08	104.46	39.81	0.28	3.07	-0.95	-1.11	1.97	3.05	1.79
100.68	106.97	83.88	0.15	2.33	0.78	-1.19	1.78	-2.81	2.08
92.96	99.11	97.08	0.02	4.87	-0.61	-0.77	6.11	1.53	11.54
102.47	98.84	128.24	0.01	8.03	-4.92	5.47	9.91	1.88	10.95
97.19	97.56	135.12	0.39	2.07	0.73	0.26	1.57	0.55	1.28
100.05	125.68	4.41	0.01	6.99	-0.71	-7.47	12.21	-9.94	9.53
100.30	112.02	19.95	0.23	3.37	-0.26	2.27	1.53	3.26	2.41
105.59	120.09	23.10	0.21	3.25	1.24	2.00	2.52	2.89	1.83
108.57	124.18	49.23	0.01	5.78	-0.09	5.20	7.69	-4.00	10.50
103.56	109.80	70.33	0.01	10.22	3.08	5.40	11.33	1.85	11.66
100.35	113.20	83.18	0.24	2.51	-1.27	0.04	2.96	-1.20	-1.07
100.09	110.07	84.14	0.06	2.62	-0.40	0.19	6.39	-0.10	4.87
97.27	116.93	102.51	0.01	12.56	2.24	7.91	7.47	9.84	9.86
101.16	118.79	116.24	0.04	6.38	3.94	-7.81	6.38	-4.27	6.26
102.10	113.82	127.10	0.01	2.88	-1.72	6.38	5.91	1.46	14.89
97.37	114.48	135.90	0.01	11.75	-1.24	-1.07	9.26	-1.68	5.53
108.02	127.24	31.02	0.18	3.24	-0.61	0.03	1.09	2.52	5.46
105.47	130.74	39.52	0.08	1.33	0.03	-0.33	2.60	6.00	16.46
115.90	135.64	65.52	0.25	2.95	-0.38	0.87	1.39	2.05	3.13
106.14	125.09	112.73	0.36	2.54	-0.11	-1.22	1.48	-0.79	1.39
99.41	118.29	117.43	0.36	2.33	1.73	-4.39	1.90	-3.55	2.47
104.73	124.56	113.34	0.08	1.79	0.47	-0.28	3.47	-1.10	3.51
101.88	131.78	140.76	0.31	1.72	0.55	-0.01	5.46	1.53	3.16
104.60	135.08	13.46	0.08	4.36	-4.97	-5.46	4.89	4.59	4.91
106.74	133.10	11.77	0.21	3.12	-0.81	-2.28	1.10	3.84	4.26
102.37	135.50	38.29	0.29	3.37	-1.75	3.31	1.77	-1.35	3.30
108.61	138.07	58.94	0.38	3.00	-0.06	1.43	1.16	3.92	12.86
106.71	137.68	55.03	0.40	2.86	-0.42	4.50	1.79	-2.19	6.60
98.53	131.05	98.94	0.01	7.61	-1.77	0.66	8.13	3.46	11.65
105.17	128.92	111.72	0.18	1.73	-5.64	3.07	3.14	-0.07	0.26
102.35	132.08	135.43	0.02	3.24	0.11	-0.90	9.44	4.42	11.81
110.72	10.31	-1.15	0.42	3.57	0.27	7.08	1.10	2.30	6.40
115.04	9.79	7.76	0.03	9.87	5.15	2.52	8.43	-4.17	10.17
114.22	4.36	29.87	0.02	4.70	2.00	3.23	7.68	9.20	9.16
120.59	3.93	43.95	0.03	5.12	-3.16	0.22	8.39	-4.12	9.29
117.99	8.54	85.57	0.31	2.42	0.62	-3.37	1.20	-2.64	3.36
104.87	7.20	87.12	0.30	3.17	-1.05	3.98	1.25	-0.61	2.55
119.65	1.68	99.35	0.46	2.25	-0.04	0.94	1.92	-1.25	1.20
118.32	8.64	114.96	0.34	0.28	5.24	-3.34	1.42	0.36	0.11
122.21	2.15	121.92	0.02	10.38	-2.16	4.91	8.94	-2.07	15.17
118.03	3.93	0.02	0.04	11.45	-7.33	4.97	9.67	-3.89	3.07
114.20	21.63	37.30	0.08	1.37	-2.56	-0.53	13.15	3.06	2.69
116.77	19.85	36.98	0.22	2.96	-1.01	-0.12	7.76	4.84	1.15
113.01	8.18	92.96	0.04	4.68	-0.51	2.99	8.02	1.05	7.06
112.66	7.57	114.62	0.04	2.60	5.50	5.56	5.90	2.83	2.65
119.48	18.88	136.23	0.32	1.60	0.29	-0.41	1.65	-4.14	3.37
113.93	32.94	38.74	0.07	3.49	-2.31	-0.75	10.94	2.14	5.81
112.88	36.28	39.15	0.32	2.90	-0.43	0.24	3.60	1.96	1.23
121.95	20.63	80.60	0.05	2.33	-0.28	0.06	14.57	0.46	8.71
123.20	24.77	120.88	0.02	2.59	-1.81	5.24	3.13	-2.38	9.47
117.02	20.61	122.43	0.01	7.41	4.84	0.28	6.69	1.70	14.22
106.59	46.14	2.91	0.10	3.59	0.04	-1.04	5.33	-0.02	9.29
102.97	46.66	29.73	0.27	3.02	0.09	1.12	1.51	0.72	2.13
108.41	44.44	39.93	0.30	2.79	-1.34	1.23	1.96	-0.89	1.13
112.53	44.35	52.19	0.01	6.35	1.05	2.31	10.89	1.31	13.14
122.10	28.11	71.29	0.05	2.62	-2.60	-3.50	6.40	8.69	5.72
117.80	42.48	73.14	0.20	2.55	-1.01	0.73	3.77	-3.19	1.57
113.98	44.13	88.90	0.32	2.80	-1.04	4.41	1.52	-1.21	2.92
116.26	41.40	88.96	0.03	2.73	0.04	0.27	9.69	2.14	7.15
111.99	46.14	114.62	0.21	2.43	3.06	2.84	2.59	1.71	1.17
108.47	43.65	137.98	0.02	6.25	13.91	-5.57	4.03	-5.85	3.54
104.29	46.92	20.47	0.05	4.60	5.55	-0.32	1.89	2.01	3.42
115.98	54.50	75.00	0.06	3.01	-0.50	-0.58	8.08	6.22	6.49
114.79	53.16	72.96	0.23	2.45	-0.63	-0.89	3.11	5.60	2.02
113.09	59.78	76.60	0.05	1.65	-0.02	-0.37	6.16	4.15	8.26
109.47	57.56	108.27	0.01	8.06	1.68	0.11	7.51	-7.83	6.09
116.66	49.56	116.35	0.16	2.51	1.41	5.26	2.02	4.20	2.70
110.61	62.88	126.36	0.23	1.81	0.19	0.37	1.88	-2.42	2.65
118.57	51.44	137.03	0.36	1.68	-0.63	5.34	1.45	-6.48	6.27
106.80	59.45	7.44	0.02	11.10	2.64	-1.64	6.84	-0.00	12.97
117.70	71.09	29.96	0.19	3.31	0.14	-4.14	0.99	-0.27	5.82
110.64	71.08	38.88	0.04	4.75	-1.56	-4.40	6.12	3.58	8.67
104.18	69.02	54.09	0.01	11.01	2.54	2.99	8.84	7.45	9.01
113.69	64.51	76.13	0.02	7.35	0.75	-1.77	5.68	-0.81	11.03
121.09	62.29	80.12	0.41	3.13	-2.92	-1.62	1.98	0.50	1.24
114.39	64.47	78.86	0.35	2.42	-0.09	0.45	1.20	1.38	1.92
118.43	61.36	104.87	0.34	2.68	-4.47	1.35	2.91	-0.60	1.09
110.39	63.27	118.37	0.02	1.56	-0.13	2.02	4.03	-4.16	16.67
118.20	71.39	118.54	0.33	2.61	1.27	-3.84	1.21	-1.55	2.13
112.07	67.63	123.24	0.30	1.90	0.25	-1.20	1.24	-1.50	1.67
119.53	87.81	2.61	0.06	3.09	-0.37	-0.58	7.22	1.84	9.49
116.40	71.21	29.22	0.05	1.40	-0.26	-10.40	1.63	1.70	12.40
109.33	73.39	40.29	0.24	3.20	-0.58	-4.07	0.87	2.67	5.70
107.01	84.12	60.99	0.02	9.56	2.20	-1.72	6.14	2.71	8.83
106.71	83.77	63.58	0.54	-1.60	-4.51	-1.87	0.79	-0.31	0.33
110.42	77.41	74.94	0.02	6.41	0.53	-5.05	5.64	0.44	12.01
110.06	70.06	84.92	0.30	2.62	-1.08	-3.36	1.42	3.07	3.50
119.51	74.84	102.73	0.02	4.42	14.10	-8.01	4.75	-2.68	0.04
112.05	71.46	116.16	0.02	6.91	0.93	3.55	7.29	-2.03	9.43
111.87	69.89	126.90	0.02	2.46	0.33	-3.75	5.26	2.70	11.55
104.45	85.02	44.72	0.01	8.28	0.35	-2.97	8.16	-3.58	8.68
103.05	84.66	61.81	0.03	6.90	1.30	6.92	1.76	1.55	2.83
115.54	83.63	61.51	0.30	2.80	0.64	-2.78	0.02	-0.01	2.24
119.13	93.50	73.25	0.01	7.86	3.63	3.02	10.10	6.91	10.07
112.68	82.60	89.78	0.01	7.23	1.26	1.24	14.12	2.16	6.63
120.84	104.41	8.93	0.03	4.88	0.40	0.16	2.23	3.02	8.23
113.19	98.43	53.06	0.01	9.67	-2.61	0.75	8.45	-8.62	11.60
111.74	96.03	108.79	0.01	7.94	-7.24	-0.46	14.23	4.09	7.92
106.22	96.81	142.16	0.21	2.56	3.60	3.30	14.51	5.27	4.39
110.59	125.63	8.05	0.10	3.51	-0.06	0.01	6.40	-2.13	9.47
107.73	123.59	21.57	0.25	3.06	1.51	-0.38	1.81	-0.36	1.85
107.46	125.09	35.96	0.04	2.90	1.54	1.18	6.46	6.00	12.39
119.48	127.22	97.74	0.01	5.52	1.58	3.33	9.68	0.15	14.85
114.61	117.92	117.25	0.01	3.61	1.35	-8.33	7.47	-10.08	14.43
108.64	126.11	7.82	0.15	1.43	-0.10	-0.33	1.81	-2.13	8.00
111.96	125.38	11.06	0.27	3.09	0.12	-0.71	1.37	-1.75	6.62
106.81	127.33	24.20	0.05	3.72	-0.77	1.32	9.25	0.66	6.99
107.77	132.02	54.35	0.05	3.58	-0.20	1.41	4.75	-1.12	9.33
120.52	123.50	65.33	0.12	1.75	-0.52	-1.91	3.46	6.13	7.69
115.88	126.50	109.99	0.54	3.06	-0.24	-3.02	1.14	0.18	1.91
114.34	131.55	116.65	0.01	9.36	-1.31	-2.17	7.68	-0.30	12.79
99.44	140.89	37.79	0.55	3.23	-2.38	2.71	3.78	-3.05	1.24
117.11	130.52	64.32	0.33	2.86	-1.84	1.09	3.31	-0.99	1.46
118.40	135.96	77.66	0.19	2.55	-0.35	-1.40	1.38	3.32	3.45
119.71	133.27	81.63	0.01	4.92	-10.83	-3.05	6.64	3.33	10.45
124.29	127.47	107.03	0.30	3.66	-0.08	-0.23	1.46	0.20	1.57
127.98	136.63	121.25	0.03	3.04	-6.70	-5.46	10.99	3.93	5.32
123.25	11.78	9.12	0.17	3.45	-0.11	1.08	2.98	8.47	3.32
129.76	0.99	44.15	0.08	2.95	0.36	3.07	0.62	-1.38	4.74
121.29	4.22	38.70	0.20	3.04	-0.96	2.59	2.07	-3.29	2.40
126.09	3.54	66.51	0.02	11.10	3.03	-6.62	14.66	-3.15	9.49
112.84	5.35	92.21	0.50	2.41	-0.14	1.77	0.96	-1.10	2.84
123.58	5.31	99.80	0.48	2.44	1.01	3.61	1.36	1.41	1.90
129.45	8.85	113.02	0.48	2.35	-0.35	-1.17	0.99	0.63	1.75
132.16	9.48	118.97	0.04	5.67	0.49	6.92	5.21	4.09	11.57
118.65	13.06	140.05	0.11	2.51	-0.20	-1.47	7.57	-4.78	10.57
122.43	4.22	6.47	0.08	3.01	-0.01	-0.22	9.40	8.73	6.86
120.02	12.95	8.49	0.20	2.15	-0.48	0.46	2.62	-0.29	1.35
127.29	24.33	56.33	0.19	2.80	-0.03	0.87	2.81	-5.39	2.33
129.52	16.93	61.21	0.23	2.72	-0.44	-5.89	1.39	6.65	8.82
122.58	17.55	79.75	0.30	2.45	0.21	0.36	1.73	-2.87	2.25
119.30	12.84	82.66	0.05	3.23	1.66	-4.88	5.72	-8.97	9.76
122.62	1.27	99.90	0.09	4.57	3.80	2.39	7.37	1.74	4.38
130.62	8.89	109.59	0.05	2.61	0.24	-0.82	11.82	2.79	4.99
128.71	13.10	128.14	0.03	4.80	-3.48	-3.79	5.73	-0.24	5.45
117.60	16.63	136.32	0.45	1.74	-0.24	-1.70	0.99	0.48	3.50
125.14	26.63	12.71	0.25	2.96	0.32	0.18	1.34	-0.49	1.77
125.91	27.04	16.27	0.09	2.58	-0.04	6.01	1.75	11.67	7.01
125.23	25.02	21.30	0.02	6.51	4.44	-6.17	9.98	-5.52	7.35
126.85	19.20	54.72	0.02	9.21	-6.56	0.57	10.36	1.66	11.28
129.88	35.46	56.30	0.33	2.87	0.27	0.95	1.64	2.29	2.04
121.88	23.36	74.50	0.31	2.40	0.14	-0.17	1.19	-1.00	1.97
121.66	31.02	73.38	0.17	2.56	-1.30	-0.79	3.65	5.38	1.62
125.48	25.93	120.79	0.26	2.01	0.02	-3.74	0.97	-0.74	6.63
120.44	24.62	129.96	0.29	1.91	0.00	-1.18	1.60	-0.47	2.16
123.60	30.53	2.92	0.02	3.58	1.32	2.56	10.06	0.38	13.24
125.29	33.53	20.35	0.14	1.96	0.29	1.63	3.02	4.95	3.00
128.08	36.12	25.86	0.03	4.16	-0.43	0.23	9.11	-1.79	9.33
126.09	29.83	54.85	0.08	1.33	1.09	0.10	5.14	-0.20	2.81
127.47	31.11	90.74	0.01	1.85	0.23	1.56	10.61	4.07	14.43
120.73	42.67	102.36	0.01	6.59	3.18	-8.62	9.74	-0.07	10.24
125.74	30.92	119.47	0.02	5.17	-3.96	-6.91	9.44	4.11	14.24
120.68	29.20	141.03	0.07	0.92	0.37	0.95	7.11	7.59	7.74
127.82	50.26	1.87	0.06	2.16	1.27	4.94	5.25	11.25	7.97
120.40	56.54	30.33	0.01	8.48	6.50	-2.50	11.66	7.82	5.22
131.00	47.96	41.96	0.01	9.28	1.97	1.53	12.81	-3.07	7.66
133.99	49.96	61.52	0.03	3.63	-0.96	1.72	11.09	-1.20	6.81
129.37	57.54	74.81	0.04	3.33	0.09	-6.08	3.17	2.82	6.95
126.63	52.39	82.71	0.02	6.67	2.52	-2.69	6.74	1.63	9.73
128.67	52.92	105.24	0.24	2.08	-2.13	1.44	3.23	-1.51	1.39
124.18	58.38	106.65	0.03	6.39	-0.37	2.04	6.00	-4.34	7.62
122.45	54.71	120.20	0.26	1.59	0.38	4.34	1.13	4.57	4.15
115.28	54.59	135.30	0.05	4.54	-1.89	3.00	6.05	-0.98	7.05
128.84	69.70	18.21	0.27	3.45	-0.44	-3.27	0.89	1.28	3.91
126.40	70.05	21.39	0.05	4.27	-0.46	-6.88	3.21	1.65	9.67
129.98	50.36	65.92	0.07	1.58	-0.30	-0.07	8.01	5.34	5.91
129.17	59.77	74.86	0.26	2.72	-0.03	-1.86	0.89	1.62	4.10
129.43	76.96	98.26	0.06	2.96	0.18	-1.76	6.51	-1.61	8.30
125.26	70.08	116.10	0.05	3.41	-0.86	-0.39	6.44	-0.04	5.14
124.22	56.90	122.88	0.06	2.99	1.72	4.21	5.39	4.46	6.24
115.90	68.67	134.92	0.01	3.61	9.83	-0.07	9.29	-0.77	10.12
126.03	83.65	3.76	0.02	3.44	-2.61	1.53	10.57	-9.67	13.74
121.65	81.82	24.28	0.02	5.34	3.70	0.02	9.69	2.79	8.80
125.04	75.04	45.31	0.01	7.53	2.88	4.68	11.37	0.23	8.31
121.76	83.86	58.70	0.08	5.30	1.20	-10.36	2.28	-1.77	5.02
132.15	76.38	84.76	0.02	6.12	4.93	2.36	13.61	2.95	8.68
127.27	75.90	105.27	0.23	2.19	-0.08	-1.17	0.85	-1.56	6.69
126.03	74.04	117.38	0.26	2.08	-0.07	0.70	1.03	0.44	3.88
126.73	74.25	116.90	0.08	1.83	-0.07	0.04	3.31	-0.59	10.04
126.36	75.18	129.78	0.18	1.88	0.02	-1.25	0.88	0.88	8.34
121.51	91.79	2.52	0.19	4.61	0.47	1.22	3.49	3.85	9.97
121.58	96.56	18.81	0.10	4.00	-0.59	-0.88	4.78	2.39	6.81
122.15	91.51	32.13	0.03	4.23	0.46	0.96	2.42	3.22	11.79
124.32	104.34	46.53	0.04	1.27	0.25	0.27	4.19	4.37	4.28
131.19	86.67	54.12	0.02	9.51	0.27	1.01	9.70	-3.72	8.12
131.47	95.44	70.66	0.01	7.21	2.57	3.62	12.19	3.52	11.33
130.37	85.87	95.96	0.20	2.15	-0.94	-0.34	4.48	2.71	1.51
127.64	85.56	110.78	0.01	1.75	0.09	-1.05	6.15	-5.98	16.74
122.26	83.09	126.14	0.01	5.66	-1.56	-6.15	6.25	-4.73	11.54
124.17	77.73	140.87	0.08	2.36	0.01	-0.72	8.25	2.71	8.55
122.34	109.16	3.74	0.02	9.19	-2.24	0.41	6.60	4.38	9.28
119.65	94.94	11.62	0.05	3.26	0.47	-0.09	1.70	-0.83	6.18
123.58	99.56	29.29	0.18	4.23	0.86	1.14	2.82	1.49	9.94
125.84	108.27	46.31	0.14	3.69	-1.02	2.43	1.80	3.21	13.00
125.85	107.89	58.66	0.17	2.76	0.10	1.89	1.13	5.78	17.34
126.15	109.53	59.00	0.15	3.89	0.56	0.65	6.30	1.05	9.52
128.31	111.99	76.90	0.07	3.38	0.33	-0.07	5.33	-1.71	6.85
131.40	108.40	102.87	0.02	6.81	0.89	3.14	6.98	-2.42	9.74
127.67	109.12	124.42	0.01	7.97	0.47	1.56	10.48	-6.72	14.20
124.03	106.16	32.58	0.05	3.92	0.02	0.98	6.78	0.04	10.64
120.44	107.48	50.67	0.10	1.59	-0.06	1.97	2.22	4.86	13.69
125.49	116.01	56.22	0.16	2.66	-0.61	0.34	2.45	0.53	1.86
127.22	116.01	66.20	0.15	2.91	-0.51	1.73	0.87	4.35	16.02
128.52	117.59	81.19	0.28	3.25	-0.12	1.76	3.07	1.23	9.63
127.49	120.48	97.67	0.07	1.79	-0.17	0.35	5.93	4.34	8.11
131.36	118.47	108.58	0.09	2.90	-0.71	0.03	5.96	3.04	11.69
136.23	121.53	136.96	0.04	5.06	-2.69	-2.71	4.99	-1.14	14.09
119.22	132.15	1.53	0.02	5.09	0.18	7.99	7.90	5.17	6.38
124.76	124.13	41.71	0.01	7.57	0.05	3.66	12.49	1.90	11.57
124.03	120.11	57.07	0.03	3.22	0.18	1.07	7.31	5.36	11.91
121.80	125.43	67.78	0.32	2.83	-0.60	-0.62	1.58	3.03	3.46
124.63	123.12	72.29	0.04	3.93	-0.06	2.54	1.50	3.99	15.12
129.41	120.43	90.75	0.12	2.87	-0.15	0.77	3.19	2.42	4.48
129.11	123.81	103.45	0.25	2.38	0.09	-0.23	1.65	0.10	3.96
127.56	139.26	13.82	0.11	5.02	6.20	1.94	7.93	1.05	3.36
118.93	132.28	13.71	0.30	3.27	2.49	3.35	2.41	2.24	1.31
120.55	138.76	22.64	0.02	8.62	0.51	5.99	9.67	7.37	8.61
116.84	132.36	62.83	0.05	3.61	-2.90	0.83	11.18	-5.44	7.62
120.13	132.63	75.37	0.05	2.54	-0.69	-4.14	7.00	9.99	11.98
130.45	129.45	92.46	0.03	2.97	0.55	1.62	12.53	-0.07	12.49
135.36	130.56	118.63	0.07	2.71	-1.48	3.14	4.55	1.89	13.91
133.57	134.69	135.22	0.17	2.58	1.06	-0.81	3.19	-3.97	7.49
124.07	0.77	2.83	0.07	4.62	-0.37	9.46	1.35	5.77	6.91
128.90	1.59	44.24	0.27	2.86	-0.17	5.50	0.98	-0.81	3.50
136.18	3.64	47.96	0.24	3.19	2.15	2.59	4.12	3.03	3.27
123.88	0.52	88.91	0.02	9.51	3.65	1.10	7.59	-0.01	8.53
130.73	7.28	105.47	0.48	2.21	-0.02	1.48	1.13	0.34	3.32
137.18	11.24	122.61	0.53	2.63	-0.46	-2.78	1.08	0.01	2.50
133.24	28.23	-0.80	0.06	4.29	-0.74	-4.18	6.05	0.11	10.06
137.41	6.99	31.96	0.02	9.46	6.85	-1.06	11.63	3.66	14.57
130.41	16.24	57.77	0.16	2.69	-1.13	-1.21	2.67	2.42	1.96
133.53	23.72	107.42	0.28	2.23	-0.36	-3.08	1.21	2.47	4.56
126.47	13.80	128.62	0.40	2.99	-0.92	-4.00	1.00	1.01	2.21
131.38	29.76	2.64	0.22	3.30	-0.08	-3.67	1.01	-0.28	5.54
130.49	27.20	10.77	0.03	4.51	5.38	4.14	2.98	-1.70	3.92
140.29	37.58	25.08	0.16	3.14	-2.02	-0.66	10.10	-2.13	6.97
140.67	15.58	54.64	0.07	4.73	3.78	-1.77	9.70	-3.37	4.59
137.86	22.79	99.36	0.02	8.20	4.25	-3.29	5.64	1.58	12.69
130.41	27.16	109.42	0.36	2.23	0.03	-0.46	1.16	0.58	1.19
136.59	22.99	134.66	0.01	9.29	-6.00	-0.19	8.87	0.69	12.08
132.58	43.44	1.51	0.03	9.08	-1.60	4.39	6.23	5.65	13.73
138.69	47.15	27.85	0.10	4.34	2.92	2.63	4.93	1.96	3.73
134.69	43.97	27.31	0.32	2.89	1.03	5.18	1.23	2.57	2.71
129.37	30.23	57.13	0.05	3.18	1.03	-0.08	11.12	1.22	7.10
131.58	45.03	62.22	0.30	2.59	0.14	0.57	3.06	4.42	2.01
132.00	37.17	74.60	0.01	6.96	3.20	4.81	12.67	1.01	9.70
134.35	38.12	95.19	0.26	3.95	-3.17	12.70	1.23	-2.54	3.08
141.23	40.37	101.72	0.04	7.30	-0.42	3.33	6.24	2.80	7.69
137.55	48.13	107.88	0.47	3.46	-1.41	3.60	1.14	-1.38	1.67
136.04	40.29	113.46	0.02	3.88	4.68	2.77	11.17	5.19	6.84
134.36	50.21	133.91	0.02	10.22	-1.56	0.50	10.56	-0.85	10.77
128.24	45.15	-0.92	0.14	3.52	0.33	3.99	2.74	9.38	5.32
133.14	59.68	6.49	0.05	3.89	-0.90	-0.88	6.37	2.50	9.64
138.63	47.68	25.29	0.46	3.36	-0.00	0.07	2.31	-3.53	1.92
140.66	57.00	43.32	0.31	2.99	-0.15	0.18	8.16	6.79	10.64
130.50	55.67	68.25	0.21	2.36	-0.57	-0.89	1.27	3.86	4.09
134.55	62.61	74.40	0.02	6.88	0.87	6.06	3.92	2.65	8.97
141.24	48.68	109.64	0.13	6.33	1.06	3.19	3.69	-2.01	5.24
140.94	45.40	113.95	0.84	2.75	-0.04	2.42	1.07	-1.25	3.21
127.72	60.85	126.37	0.16	2.08	0.14	4.97	1.60	4.36	4.20
133.04	59.29	6.31	0.22	2.51	0.29	0.52	1.56	2.85	2.05
132.25	66.41	11.75	0.24	2.53	-0.46	-1.11	1.22	2.34	2.78
140.99	53.73	38.04	1.27	2.91	-0.30	0.05	1.57	7.81	7.38
140.72	68.68	56.96	1.35	2.72	-0.49	0.18	1.28	2.31	5.31
139.27	75.64	83.19	0.07	2.76	-3.14	-3.33	3.27	0.51	5.25
129.71	78.79	96.88	0.18	2.33	0.30	-1.85	1.55	-2.11	3.83
138.69	55.16	109.14	0.05	2.30	-0.53	0.10	10.36	-0.20	15.86
136.46	70.17	133.44	0.29	1.89	0.73	2.86	1.40	2.95	3.02
139.07	71.61	129.92	0.50	3.17	1.54	-1.34	2.10	-1.09	1.21
133.30	77.44	6.79	0.01	2.40	1.21	-1.13	13.94	2.61	10.90
132.70	68.10	18.57	0.02	7.40	5.92	-2.50	9.40	-0.48	5.42
136.47	75.00	32.91	0.01	8.57	-3.71	0.37	12.89	2.63	8.63
136.32	85.54	47.78	0.03	2.06	-0.76	-8.36	2.29	-0.18	7.46
140.79	78.59	66.62	0.29	2.61	1.35	-0.55	6.61	3.71	11.91
139.99	76.12	72.95	0.84	2.32	-0.05	-1.36	1.07	2.18	5.96
134.04	79.58	88.69	0.32	2.25	-0.06	-1.68	1.04	-0.12	3.26
137.48	89.05	50.89	0.37	2.90	2.53	-3.24	1.73	-1.31	1.26
126.24	84.86	56.27	0.35	3.49	0.51	-5.60	0.74	-0.86	3.08
141.36	102.24	90.71	0.31	2.29	2.89	-7.38	2.25	-5.94	3.49
131.44	93.00	95.98	0.05	3.52	0.64	0.00	8.16	-3.35	7.01
137.33	81.49	128.54	0.01	7.82	0.51	1.57	11.94	4.09	16.29
142.94	75.70	138.53	0.16	4.10	2.74	2.60	6.64	1.78	7.34
131.58	96.77	94.87	0.33	2.35	1.22	-0.68	1.16	-0.62	1.21
143.89	115.96	108.64	0.80	5.67	-2.09	4.22	1.78	-0.27	3.00
140.65	114.72	32.02	0.01	6.32	-1.12	4.53	14.10	2.42	12.27
130.71	119.69	100.10	0.43	3.15	-0.42	0.54	1.12	0.88	3.81
139.18	125.38	117.66	0.08	4.47	-0.70	9.51	2.95	-0.48	9.98
136.79	137.65	3.40	0.03	8.85	-3.15	-4.52	12.00	3.45	9.60
136.08	131.98	64.28	0.01	5.89	-0.08	-4.96	8.54	-5.52	11.74
133.34	120.93	103.90	0.18	1.97	1.28	0.56	3.10	1.54	4.83
131.46	126.14	107.25	0.21	3.04	1.24	2.13	1.07	2.78	9.84
132.47	129.50	128.96	0.10	1.57	-0.55	2.60	2.81	2.80	14.78
137.33	127.47	96.88	0.02	2.34	-0.22	-6.98	6.37	-10.34	9.86
133.75	132.62	125.60	0.19	2.51	1.70	1.23	1.89	2.82	6.99
135.38	130.25	128.86	0.18	2.60	-0.45	3.88	0.96	5.51	15.84
2.70	21.87	124.33	0.31	2.11	-0.48	3.19	1.13	-1.43	4.16
24.75	12.86	129.99	0.37	1.43	-0.20	-0.18	4.54	1.91	1.29
